3.162277660168379394e-04 1.943914951609214585e-11 1.942071438567597311e-11 1.174976869730613098e-10 1.163737674755664174e-10
3.427677865464504817e-04 1.357863577836357160e-11 1.356666146744935069e-11 8.200884160013623910e-11 8.131351311885818346e-11
3.715352290971727506e-04 1.014262102780866596e-11 1.013427775687272122e-11 6.121798533223669528e-11 6.075117567405838853e-11
4.027170343254594942e-04 7.901633177886773037e-12 7.895869119071369417e-12 4.764944092477508230e-11 4.734268300019284869e-11
4.365158322401665428e-04 6.204643942893912656e-12 6.200117798512069677e-12 3.741603898338084896e-11 3.717516172979985029e-11
4.731512589614812704e-04 5.022305067633809039e-12 5.019514284610240831e-12 3.023314100537873459e-11 3.010941636467717035e-11
5.128613839913658120e-04 4.105850096371778610e-12 4.103568566956109636e-12 2.471628928129595344e-11 2.461514153716112267e-11
5.559042572704048181e-04 3.356627044127081386e-12 3.354761841268025780e-12 2.020613589993912087e-11 2.012344528887286572e-11
6.025595860743593064e-04 2.829094511836615077e-12 2.828094997682646221e-12 1.701016167629386078e-11 1.696579603719272583e-11
6.531305526474742544e-04 2.407949952693724595e-12 2.407099228177559867e-12 1.447799563866599328e-11 1.444023435563785812e-11
7.079457843841401856e-04 2.049497798825241612e-12 2.048773714829502250e-12 1.232277280499673354e-11 1.229063274064016105e-11
7.673614893618217227e-04 1.744405535792202912e-12 1.743789240360575693e-12 1.048838067045850275e-11 1.046102503913435164e-11
8.317637711026742379e-04 1.484729905563540482e-12 1.484205353078912385e-12 8.927059747773773424e-12 8.903776329394748548e-12
9.015711376059606886e-04 1.263710099081750489e-12 1.263263632509049962e-12 7.598160120635564140e-12 7.578342717593796538e-12
9.772372209558152171e-04 1.075591734588971142e-12 1.075211729906159882e-12 6.467083099025282474e-12 6.450215753478045196e-12
1.059253725177294100e-03 9.413659994263978744e-13 9.412447922549648242e-13 5.652074100015608704e-12 5.647359019960970121e-12
1.148153621496888739e-03 8.341775704471592349e-13 8.340701645031923288e-13 5.008501946757394877e-12 5.004323748238605693e-12
1.244514611771391959e-03 7.391941279599312859e-13 7.390989517697517601e-13 4.438209992788902284e-12 4.434507543909960746e-12
1.348962882591661638e-03 6.550259539075621079e-13 6.549416149329903707e-13 3.932854204607818639e-12 3.929573334242389975e-12
1.462177174456727327e-03 5.804415701686546307e-13 5.803668344325593004e-13 3.485040640220352501e-12 3.482133345425285440e-12
1.584893192461123840e-03 5.143497206026718838e-13 5.142834946344516650e-13 3.088217267184107297e-12 3.085641010860636619e-12
1.717908387157600011e-03 4.557834047054495760e-13 4.557247195422886748e-13 2.736578098765316363e-12 2.734295187291913407e-12
1.862087136662880782e-03 4.038857292689517267e-13 4.038337262787686562e-13 2.424978245611091380e-12 2.422955277342012570e-12
2.018366363681576344e-03 3.578973710386225236e-13 3.578512893572857051e-13 2.148858640044005096e-12 2.147066016604428779e-12
2.187761623949569835e-03 3.254599334656923999e-13 3.254553798010495900e-13 1.952987677444929414e-12 1.952745124403043126e-12
2.371373705661674897e-03 3.002600352991379989e-13 3.002558342182496712e-13 1.801770628796034080e-12 1.801546856290020249e-12
2.570395782768885792e-03 2.770113292834652436e-13 2.770074534862745071e-13 1.662262100413891843e-12 1.662055654293660503e-12
2.786121168629794934e-03 2.555627373950844668e-13 2.555591616953388493e-13 1.533555518284118004e-12 1.533365056992345660e-12
3.019951720402043894e-03 2.357748793661609850e-13 2.357715805277435606e-13 1.414814503124440584e-12 1.414638788978672612e-12
3.273406948788412825e-03 2.175191669440811677e-13 2.175161235300145019e-13 1.305267435306771890e-12 1.305105326456539454e-12
3.548133892335789217e-03 2.006769682811160738e-13 2.006741605142571624e-13 1.204202440609605629e-12 1.204052883616292265e-12
3.845917820453574783e-03 1.907231851199859154e-13 1.907266718630340615e-13 1.144246300862441388e-12 1.144365341292842257e-12
4.168693834703397771e-03 1.831907290089959564e-13 1.831940780459809329e-13 1.099055229645868427e-12 1.099169568671891617e-12
4.518559443749272687e-03 1.759557610876474337e-13 1.759589778571574942e-13 1.055648942803220750e-12 1.055758766102984915e-12
4.897788193684516483e-03 1.690065323033508163e-13 1.690096220291816524e-13 1.013956951736294424e-12 1.014062437654712275e-12
5.308844442309943942e-03 1.663476190370293316e-13 1.663532604235950939e-13 9.979380509425383524e-13 9.981243801963200255e-13
5.754399373371636879e-03 1.663476190370293316e-13 1.663532604235950939e-13 9.979380509425383524e-13 9.981243801963200255e-13
6.237348354824268255e-03 1.663476190370293316e-13 1.663532604235950939e-13 9.979380509425383524e-13 9.981243801963200255e-13
6.760829753919901652e-03 1.713419066242330838e-13 1.713513111178169638e-13 1.027805750624900632e-12 1.028115280075502452e-12
7.328245331389134608e-03 1.783871615811965260e-13 1.783969527697597384e-13 1.070067178094982785e-12 1.070389434810847061e-12
7.943282347242919608e-03 1.867651008588044630e-13 1.867842518653170882e-13 1.120087238909391714e-12 1.120719846716155783e-12
8.609937521846121669e-03 2.024397194207428135e-13 2.024604777121324428e-13 1.214092704305587648e-12 1.214778404933359179e-12
9.332543007970038260e-03 2.194298603470441258e-13 2.194523608177704417e-13 1.315987758313613525e-12 1.316731007679016466e-12
1.011579454259912796e-02 2.385952970842733369e-13 2.386670324115516989e-13 1.429583105917785837e-12 1.432034527356567787e-12
1.096478196143200849e-02 2.692538234728320572e-13 2.693347764982429048e-13 1.613278727386542123e-12 1.616045146521376139e-12
1.188502227437036006e-02 3.038518459529081555e-13 3.039432011132149073e-13 1.820578489955670874e-12 1.823700382710830055e-12
1.288249551693153305e-02 3.428955737681682290e-13 3.429986676954465429e-13 2.054515429865401843e-12 2.058038473156996673e-12
1.396368361055959004e-02 3.869562619936289100e-13 3.870726030717462836e-13 2.318512316191209983e-12 2.322488056233508916e-12
1.513561248436231903e-02 4.394002972477185726e-13 4.412546897254496612e-13 2.616431729929863343e-12 2.620918336416264104e-12
1.640589773199565421e-02 5.162503348760472255e-13 5.184290560640316873e-13 3.060877102688777765e-12 3.010851053479624548e-12
1.778279410038952069e-02 6.065412561825819292e-13 6.091010303792398224e-13 3.596217023919440493e-12 3.537441541020321551e-12
1.927524913190968234e-02 7.126238388588666434e-13 7.156313113037174046e-13 4.225186588434864485e-12 4.156131417286298851e-12
2.089296130854075006e-02 8.372600058669042163e-13 8.407934778889073691e-13 4.964161391915417526e-12 4.883028640177037641e-12
2.264644307593098940e-02 9.836947337416826022e-13 9.878462013807814398e-13 5.832381081686640142e-12 5.737058410043701393e-12
2.454708915685073836e-02 1.155740537479994980e-12 1.160618086658582695e-12 6.852450272349205322e-12 6.740455898505613197e-12
2.660725059798857428e-02 1.357876731629744561e-12 1.363607352233764659e-12 8.050927070327799794e-12 7.919345154331979001e-12
2.884031503126658832e-02 1.595366051901067882e-12 1.602098944037017138e-12 9.459014529924607950e-12 9.304419258546861068e-12
3.126079367124013492e-02 1.874391673612096562e-12 1.882302132120294964e-12 1.111337304334591326e-11 1.093173943699898311e-11
3.388441561392089435e-02 2.244983197511391404e-12 2.258077318312202013e-12 1.305707481575799844e-11 1.330636136244209073e-11
3.672823004980917821e-02 2.746079429343415556e-12 2.762096251124666719e-12 1.549361518318526560e-11 1.627643594719012900e-11
3.981071705535050437e-02 3.359023907449441365e-12 3.378615797876822041e-12 1.895190039189233579e-11 1.990945232336319564e-11
4.315190768277738648e-02 4.108781956651079508e-12 4.132746896497497125e-12 2.318209947888791896e-11 2.435338381832308490e-11
4.677351412872076536e-02 5.025891339999510871e-12 5.055205425027252944e-12 2.835650911709942975e-11 2.978923245952822490e-11
5.069907082747147908e-02 6.147706066658805235e-12 6.183563264153174398e-12 3.468588382344032815e-11 3.643840121552824179e-11
5.495408738576360724e-02 7.519917826563510790e-12 7.563778605807802604e-12 4.242802002337111255e-11 4.457171177363187349e-11
5.956621435290231081e-02 9.198417020122981273e-12 9.252067837541676231e-12 5.189825613978062260e-11 5.452043514974819166e-11
6.456542290346695134e-02 1.125156918300450099e-11 1.131719524481389660e-11 6.348231637645655558e-11 6.668978440887218043e-11
6.998419960022887742e-02 1.376299952513393535e-11 1.384327379113439978e-11 7.765202132546175510e-11 8.157541905683763774e-11
7.585775750292006459e-02 1.683499899862467196e-11 1.693319105227294881e-11 9.498450529392199727e-11 9.978363332980533744e-11
8.222426499470897321e-02 2.059269062431618814e-11 2.071279984337289174e-11 1.161857230749614153e-10 1.220560506536860423e-10
8.912509381337659076e-02 2.523722765121005755e-11 2.533604422387004217e-11 1.421192035972567736e-10 1.492998300827078859e-10
9.660508789898357429e-02 3.213968717013492706e-11 3.099122966320175573e-11 1.738412215938712621e-10 1.826246150301135556e-10
1.047128548050924174e-01 4.092999063407855089e-11 3.934225489182836301e-11 2.126438198379602134e-10 2.233877292185882328e-10
1.135010815672342216e-01 5.212446917848221295e-11 5.010248281888632223e-11 2.601074342477642707e-10 2.732494606885758364e-10
1.230268770812411316e-01 6.638067209515516894e-11 6.380566623643612631e-11 3.204156486747519943e-10 3.342406855908206046e-10
1.333521432163356779e-01 8.453599043313694437e-11 8.125671253842230483e-11 4.080503157932494150e-10 4.088455860908220663e-10
1.445439770745963470e-01 1.076568442733950252e-10 1.034806737709660854e-10 5.196533343725253211e-10 5.001028314984355623e-10
1.566751070108188537e-01 1.371013228746996548e-10 1.317829568730054974e-10 6.617801223839932354e-10 6.117293437459151894e-10
1.698243652461787767e-01 1.745989570923903445e-10 1.678260016032585448e-10 8.427790248115997500e-10 7.482716882017469054e-10
1.840772001469003494e-01 2.223523097994552454e-10 2.137269301164572010e-10 1.073281684713790958e-09 9.152912559918883581e-10
1.995262314968931916e-01 2.831663516007777472e-10 2.721819039995412229e-10 1.366827532281767259e-09 1.119590780333431974e-09
2.162718523727077680e-01 3.606132212038380607e-10 3.466244933403972459e-10 1.740659073579232697e-09 1.369491412926522891e-09
2.344228815319985004e-01 4.716718584334020166e-10 4.414273602248356736e-10 2.216734693202763159e-09 1.675171645769473705e-09
2.540972705549374155e-01 6.253742074698618394e-10 5.621591032913804774e-10 2.823018461590245425e-09 2.049081882735812009e-09
2.754228703338242323e-01 8.291630979798607638e-10 7.159113500631376397e-10 3.595122708602098022e-09 2.506451546478684524e-09
2.985382618918042685e-01 1.099360086871975366e-09 9.117153100402045193e-10 4.578399846037742603e-09 3.065909375206439901e-09
3.235936569296373744e-01 1.457605389761945313e-09 1.161072256346262109e-09 5.830606310055278301e-09 3.883177574080116302e-09
3.507518739525780083e-01 1.932591056955929861e-09 1.478629095739934039e-09 7.537362090623190966e-09 4.945238604725841394e-09
3.801893963205721372e-01 2.562358934495993209e-09 1.883038709105687875e-09 9.993540550612282373e-09 6.297776599480900628e-09
4.120975190973422131e-01 3.397347455148225797e-09 2.398055597719734090e-09 1.325010680606359999e-08 8.020237902993573005e-09
4.466835921509762497e-01 4.504431278388551912e-09 3.053931192145335256e-09 1.756788092097512548e-08 1.021379767994892990e-08
4.841723675841137497e-01 5.972277316227550205e-09 3.889190782409975876e-09 2.329267564185404662e-08 1.300730281429580933e-08
5.248074602497884156e-01 7.918446111733398260e-09 5.065357633661648530e-09 3.088299271819664534e-08 1.656484020972242461e-08
5.688529308438587950e-01 1.066897780088788639e-08 6.715991126169424558e-09 4.094674454309576806e-08 2.109537504363021553e-08
6.165950018615011796e-01 1.472728907574315151e-08 8.904511797359759477e-09 5.428994216903236612e-08 2.686502511326510083e-08
6.683439175686354261e-01 2.032931810041382530e-08 1.180619939183029179e-08 7.198124914704244913e-08 3.421269225333311969e-08
7.244359600750128747e-01 2.806227081591789682e-08 1.565345155935251308e-08 9.543757133939400817e-08 4.356996899449464890e-08
7.852356346100967111e-01 3.873671706331787390e-08 2.075439670200327013e-08 1.265375376378302147e-07 5.548648975428940905e-08
8.511380382024037461e-01 5.347155469657813179e-08 2.751757213614436449e-08 1.685840610933277368e-07 7.066221565688707382e-08
9.225714271547930112e-01 7.381129270700902954e-08 3.648464405591804251e-08 2.327107851960813107e-07 8.998854935050955693e-08
