x ft rt rb rv rl ht hv hb hl 
1.000000000000000021e-03 2.754737412082066653e-04 1.497293752489806395e-01 1.498894510835535321e-01 4.945884424794741441e-02 5.005522939147277750e-02 8.223008741634746442e-18 8.218616649311613136e-18 2.023379167508450211e-17 2.011289229829983606e-17
1.584893192461114082e-03 4.365964571426814351e-04 1.499802759599415392e-01 1.500556862913139666e-01 4.996078740914839528e-02 4.997203693180293088e-02 3.106014245903243725e-18 3.105233685685328593e-18 7.610634720713175040e-18 7.609778033334631127e-18
2.511886431509582039e-03 6.919587527780763150e-04 1.499997930205693997e-01 1.499977732946518871e-01 5.000017756309631245e-02 5.000081101616119655e-02 1.193210357234574575e-18 1.193218390519729956e-18 2.922749324806846957e-18 2.922730810803334236e-18
3.981071705534977752e-03 1.096680716741856455e-03 1.499982113006998463e-01 1.499983185841622380e-01 4.999790843527892464e-02 5.000008129587403538e-02 4.639298885689736459e-19 4.639297226604016843e-19 1.136408496825536152e-18 1.136383804024984649e-18
6.309573444801942418e-03 1.738121802267543438e-03 1.499979833072661028e-01 1.499981566241873621e-01 4.999969884724379116e-02 4.999901411457806366e-02 1.820822124240507267e-19 1.820821072296327011e-19 4.460068566227841649e-19 4.460099106271849215e-19
1.000000000000002102e-02 2.754737412082072616e-03 1.499949437530468943e-01 1.499943196901286635e-01 4.999926236720605988e-02 4.999804857098025940e-02 7.240863244617497471e-20 7.240878307686406261e-20 1.773625214055906833e-19 1.773646742961399785e-19
1.584893192461117248e-02 4.365964571426822483e-03 1.499873655070330103e-01 1.499856435540583288e-01 4.999827907304860153e-02 4.999514260335336663e-02 3.023238531253796599e-20 3.023255885780259441e-20 7.405207327129807574e-20 7.405439608136457362e-20
2.511886431509587417e-02 6.919587527780777896e-03 1.499682670802401918e-01 1.499639499928077657e-01 4.999568088252569209e-02 4.998779481547944992e-02 1.540605610676954334e-20 1.540627785610514468e-20 3.773461435517814401e-20 3.773759074135740725e-20
3.981071705534985211e-02 1.096680716741858450e-02 1.499203012693236248e-01 1.499094576167404325e-01 4.998915139235376309e-02 4.996934847548986647e-02 1.144878273560858362e-20 1.144919680013631198e-20 2.803926677217123045e-20 2.804482222050265943e-20
6.309573444801955255e-02 1.738121802267546603e-02 1.497998729046093047e-01 1.497726542871442856e-01 4.997275122450910850e-02 4.992303985697287699e-02 1.069608347551599250e-20 1.069705534644926995e-20 2.618960051490338860e-20 2.620263654918363246e-20
1.000000000000000056e-01 2.754737412082066544e-02 1.494977260035535993e-01 1.494294800948718915e-01 4.993156417902642336e-02 4.980689222253207454e-02 1.058220578982914117e-20 1.058462201255265932e-20 2.589529772023268422e-20 2.592768680880216571e-20
1.023292992280754182e-01 2.818903489357198547e-02 1.494740891878972855e-01 1.494026371219794591e-01 4.992833972115276464e-02 4.979780832521394501e-02 1.058096717009209764e-20 1.058349705044256698e-20 2.589105577602822558e-20 2.592496674512242883e-20
1.047128548050899610e-01 2.884564186574986935e-02 1.494493417374664346e-01 1.493745334021314153e-01 4.992496337045705668e-02 4.978829795243178841e-02 1.057995018753149204e-20 1.058259913101037265e-20 2.588729940050832874e-20 2.592280447142320028e-20
1.071519305237606523e-01 2.951754317906218200e-02 1.494234316388131922e-01 1.493451099239532232e-01 4.992142799113032103e-02 4.977834116782806073e-02 1.057914072013797041e-20 1.058191438925356476e-20 2.588399129149646023e-20 2.592116609782279020e-20
1.096478196143185063e-01 3.020509508447890429e-02 1.493963044437087717e-01 1.493143049553103119e-01 4.991772608293409269e-02 4.976791710073930064e-02 1.057852613432756728e-20 1.058143045977390604e-20 2.588109766918763371e-20 2.592002141517698005e-20
1.122018454301963591e-01 3.090866213112111738e-02 1.493679031856198769e-01 1.492820538855592627e-01 4.991384982058737207e-02 4.975700391983153142e-02 1.057809516657696575e-20 1.058113636114437096e-20 2.587858796806728821e-20 2.591934360504449336e-20
1.148153621496882937e-01 3.162861735954975578e-02 1.493381682360375440e-01 1.492482891075490592e-01 4.990979098202100173e-02 4.974557878326288374e-02 1.057783781767417048e-20 1.058102238936442170e-20 2.587643458325636887e-20 2.591910898147637941e-20
1.174897554939529770e-01 3.236534249955667908e-02 1.493070372114627953e-01 1.492129398868671797e-01 4.990554098748754830e-02 4.973361778922668480e-02 1.057774525478931991e-20 1.058108002139168182e-20 2.587461261158897414e-20 2.591929675628659669e-20
1.202264434617413141e-01 3.311922817256281876e-02 1.492744448240125033e-01 1.491759322074282523e-01 4.990109083584346600e-02 4.972109593465444399e-02 1.057780972435295515e-20 1.058130182833547095e-20 2.587309964084409568e-20 2.591988882381307342e-20
1.230268770812381757e-01 3.389067409873085940e-02 1.492403227572215996e-01 1.491371886317731654e-01 4.989643110155789207e-02 4.970798706018220159e-02 1.057802447211594478e-20 1.058168139621605420e-20 2.587187554291809377e-20 2.592086956907025272e-20
1.258925411794167559e-01 3.468008930890215114e-02 1.492045995351884147e-01 1.490966281375820379e-01 4.989155192915926268e-02 4.969426380253615105e-02 1.057838367084170895e-20 1.058221325497872684e-20 2.587092228567680028e-20 2.592222569212692635e-20
1.288249551693134154e-01 3.548789236147027043e-02 1.491672003676018654e-01 1.490541659682998177e-01 4.988644299062495319e-02 4.967989753348195370e-02 1.057888235562903813e-20 1.058289281379932526e-20 2.587022377089969033e-20 2.592394605262859458e-20
1.318256738556407293e-01 3.631451156430622745e-02 1.491280470032124439e-01 1.490097134534401346e-01 4.988109347127892002e-02 4.966485830880178198e-02 1.057951636514301347e-20 1.058371630369013939e-20 2.586976567991465925e-20 2.592602152695810035e-20
1.348962882591653867e-01 3.716038520185297594e-02 1.490870575793288300e-01 1.489631778307759780e-01 4.987549205981645084e-02 4.964911480983608127e-02 1.058028228867287473e-20 1.058468072574504127e-20 2.586953533195503838e-20 2.592844488131544961e-20
1.380384264602885214e-01 3.802596176750958762e-02 1.490441464458151788e-01 1.489144620674339170e-01 4.986962689987081004e-02 4.963263427960834528e-02 1.058117741930436087e-20 1.058578380465474342e-20 2.586952156510268045e-20 2.593121065903114473e-20
1.412537544622754770e-01 3.891170020142844382e-02 1.489992240045382721e-01 1.488634646764772917e-01 4.986348558550301319e-02 4.961538245441825257e-02 1.058219971131887986e-20 1.058702394717975591e-20 2.586971461737443648e-20 2.593431508082372614e-20
1.445439770745927943e-01 3.981807013385132987e-02 1.489521965287953498e-01 1.488100794969763885e-01 4.985705513016146229e-02 4.959732350717716703e-02 1.058334774268021971e-20 1.058840020632411267e-20 2.587010602523163616e-20 2.593775595278125003e-20
1.479108388168207944e-01 4.074555213411366200e-02 1.489029659745904621e-01 1.487541954994626436e-01 4.985032193335566658e-02 4.957841997089376673e-02 1.058462068182590543e-20 1.058991224865031509e-20 2.587068853232251246e-20 2.594153258943799427e-20
1.513561248436208762e-01 4.169463796544863737e-02 1.488514297894816540e-01 1.486956965744639647e-01 4.984327175699777845e-02 4.955863266388615268e-02 1.058601825822991054e-20 1.059156032591069388e-20 2.587145600452855609e-20 2.594564574551327504e-20
1.548816618912481902e-01 4.266583084572666412e-02 1.487974807121824061e-01 1.486344612874034021e-01 4.983588969830364535e-02 4.953792062351120712e-02 1.058754073667838392e-20 1.059334525129468641e-20 2.587240335395794304e-20 2.595009755380267064e-20
1.584893192461114264e-01 4.365964571426814156e-02 1.487410065586174945e-01 1.485703626625050344e-01 4.982816015118815556e-02 4.951624101844357556e-02 1.058918889513897844e-20 1.059526837779258604e-20 2.587352647328958369e-20 2.595489147640406242e-20
1.621810097358930558e-01 4.467660950487104682e-02 1.486818900066176063e-01 1.485032679295743008e-01 4.982006678106379316e-02 4.949354907135548182e-02 1.059096400554321927e-20 1.059733158078609549e-20 2.587482217337224331e-20 2.596003226034979095e-20
1.659586907437561321e-01 4.571726142519828145e-02 1.486200083651613990e-01 1.484330382626477540e-01 4.981159248540713291e-02 4.946979797710913257e-02 1.059286781775940696e-20 1.059953724361491120e-20 2.587628813067561876e-20 2.596552590099927182e-20
1.698243652461745024e-01 4.678215324267263886e-02 1.485552333379887291e-01 1.483595285323557889e-01 4.980271936029928570e-02 4.944493880598056085e-02 1.059490254620467787e-20 1.060188824514111714e-20 2.587792283882363733e-20 2.597137961546239319e-20
1.737800828749376247e-01 4.787184957703127797e-02 1.484874307765192136e-01 1.482825870113595179e-01 4.979342866336471801e-02 4.941892042154300002e-02 1.059707085909462874e-20 1.060438795129831852e-20 2.587972556621677278e-20 2.597760181784950745e-20
1.778279410038923758e-01 4.898692819969448220e-02 1.484164604223579820e-01 1.482020551020816757e-01 4.978370077423537043e-02 4.939168937836349582e-02 1.059937587015750871e-20 1.060704020799733741e-20 2.588169631901519027e-20 2.598420210510343286e-20
1.819700858609984429e-01 5.012798034010783332e-02 1.483421756392978019e-01 1.481177670287144310e-01 4.977351515291972978e-02 4.936318982833415303e-02 1.060182113267065543e-20 1.060984933732008168e-20 2.588383580898757585e-20 2.599119124550795023e-20
1.862087136662868569e-01 5.129561099921976092e-02 1.482644231354131870e-01 1.480295495342772438e-01 4.976285029782937658e-02 4.933336341495180022e-02 1.060441063566847896e-20 1.061282013542188375e-20 2.588614542540917637e-20 2.599858117500466349e-20
1.905460717963248229e-01 5.249043927026114664e-02 1.481830426741338191e-01 1.479372215580646022e-01 4.975168370179282318e-02 4.930214916788781820e-02 1.060714880224752755e-20 1.061595787291631046e-20 2.588862721111484985e-20 2.600638499781459058e-20
1.949844599758046582e-01 5.371309866699674335e-02 1.480978667729349607e-01 1.478405939003429037e-01 4.973999180388014030e-02 4.926948339384647907e-02 1.061004048991751246e-20 1.061926829740555363e-20 2.589128384297612415e-20 2.601461699218942661e-20
1.995262314968880846e-01 5.496423745962248503e-02 1.480087203912437421e-01 1.477394688795012623e-01 4.972774994077232280e-02 4.923529956086006992e-02 1.061309099285484159e-20 1.062275763789136334e-20 2.589411861556177598e-20 2.602329262185544667e-20
2.041737944669530513e-01 5.624451901848699642e-02 1.479154206069675792e-01 1.476336399692593226e-01 4.971493229701313965e-02 4.919952818259908794e-02 1.061630604600616230e-20 1.062643261144705004e-20 2.589713542790966221e-20 2.603242855125793045e-20
2.089296130854040867e-01 5.755462216581935103e-02 1.478177762789755212e-01 1.475228914334836550e-01 4.970151184929891969e-02 4.916209669290713680e-02 1.061969183107627922e-20 1.063030043146870711e-20 2.590033877445106096e-20 2.604204266706642403e-20
2.137962089502233598e-01 5.889524153564950487e-02 1.477155876995469297e-01 1.474069979357737759e-01 4.968746031332382795e-02 4.912292932240247545e-02 1.062325498420683544e-20 1.063436881828789734e-20 2.590373373767172593e-20 2.605215410271881516e-20
2.187761623949553980e-01 6.026708794211253772e-02 1.476086462313736802e-01 1.472857241448050636e-01 4.967274808279250470e-02 4.908194696630139436e-02 1.062700260550161598e-20 1.063864601136498925e-20 2.590732598503704898e-20 2.606278326880689548e-20
2.238721138568341151e-01 6.167088875633169875e-02 1.474967339334463112e-01 1.471588243205725899e-01 4.965734416967624437e-02 4.903906705071217620e-02 1.063094227021572824e-20 1.064314078358349341e-20 2.591112176765838372e-20 2.607395188735292721e-20
2.290867652767774876e-01 6.310738829208017986e-02 1.473796231732010520e-01 1.470260418910853961e-01 4.964121614083423506e-02 4.899420339262272606e-02 1.063508204168617687e-20 1.064786245729929856e-20 2.591512792182918232e-20 2.608568303123842749e-20
2.344228815319923942e-01 6.457734820042616841e-02 1.472570762240651698e-01 1.468871090111381061e-01 4.962433004959213023e-02 4.894726605762740601e-02 1.063943048602915419e-20 1.065282092245706559e-20 2.591935187367410306e-20 2.609800116773731103e-20
2.398832919019492360e-01 6.608154787357026216e-02 1.471288448514514180e-01 1.467417461099415898e-01 4.960665036864007199e-02 4.889816121205842886e-02 1.064399668849874475e-20 1.065802665655112365e-20 2.592380164514065971e-20 2.611093220709349178e-20
2.454708915685032411e-01 6.762078485808961648e-02 1.469946698824091680e-01 1.465896614229031947e-01 4.958813991485290507e-02 4.884679097184537605e-02 1.064879027169530799e-20 1.066349074663576646e-20 2.592848586369066045e-20 2.612450355561054707e-20
2.511886431509582351e-01 6.919587527780764191e-02 1.468542807630116576e-01 1.464305505112968309e-01 4.956875977430413166e-02 4.879305324624007290e-02 1.065382141550261471e-20 1.066922491329679226e-20 2.593341377345064109e-20 2.613874417386575491e-20
2.570395782768866155e-01 7.080765426651364214e-02 1.467073951012420330e-01 1.462640957658670748e-01 4.954846922301854584e-02 4.873684157868860001e-02 1.065910087887173827e-20 1.067524153678833064e-20 2.593859524891490483e-20 2.615368463958715961e-20
2.630267991895384183e-01 7.245697641076184747e-02 1.465537181953828483e-01 1.460899658989787964e-01 4.952722564339141070e-02 4.867804498255998841e-02 1.066464002350037983e-20 1.068155368524153072e-20 2.594404081116452152e-20 2.616935721598649007e-20
2.691534803926918240e-01 7.414471620298451748e-02 1.463929425489713942e-01 1.459078154208354738e-01 4.950498443819544014e-02 4.861654777433958158e-02 1.067045083942966441e-20 1.068817514519653619e-20 2.594976164605493446e-20 2.618579592506493149e-20
2.754228703338169049e-01 7.587176850515933713e-02 1.462247473710208689e-01 1.457172841045996092e-01 4.948169893924657392e-02 4.855222940224866723e-02 1.067654597267854383e-20 1.069512045438525254e-20 2.595576962510603791e-20 2.620303662668924200e-20
2.818382931264456492e-01 7.763904902327717350e-02 1.460487980633722871e-01 1.455179964368561174e-01 4.945732031397105655e-02 4.848496427226227368e-02 1.068293875493399596e-20 1.070240493701443031e-20 2.596207732822398569e-20 2.622111710319863748e-20
2.884031503126608942e-01 7.944749479286146443e-02 1.458647456936643660e-01 1.453095610580901476e-01 4.943179746620161158e-02 4.841462157020125917e-02 1.068964323545178369e-20 1.071004474151478271e-20 2.596869806920638975e-20 2.624007715022900863e-20
2.951209226666388630e-01 8.129806467579685225e-02 1.456722264554806412e-01 1.450915701897333154e-01 4.940507693347517826e-02 4.834106508178977191e-02 1.069667421522545695e-20 1.071805688103735660e-20 2.597564592343671125e-20 2.625995867361870423e-20
3.019951720402019313e-01 8.319173986873043547e-02 1.454708611156708686e-01 1.448635990513835181e-01 4.937710277978005907e-02 4.826415300998430219e-02 1.070404728355370471e-20 1.072645927673961295e-20 2.598293575805554509e-20 2.628080579300261456e-20
3.090295432513593399e-01 8.512952442331525593e-02 1.452602544492627434e-01 1.446252052677431399e-01 4.934781648329336634e-02 4.818373779058161832e-02 1.071177885713779053e-20 1.073527080407370862e-20 2.599058326475337788e-20 2.630266495229199621e-20
3.162277660168382742e-01 8.711244577857182869e-02 1.450399946632799086e-01 1.443759282678790667e-01 4.931715682019020830e-02 4.809966590602247211e-02 1.071988622182581789e-20 1.074451134219955885e-20 2.599860499493564929e-20 2.632558503758669816e-20
3.235936569296286036e-01 8.914155530564972507e-02 1.448096528093693602e-01 1.441152886761487562e-01 4.928505974249148408e-02 4.801177769877427309e-02 1.072838757719198225e-20 1.075420182679058778e-20 2.600701839784218392e-20 2.634961750272502121e-20
3.311311214825914395e-01 9.121792886527864408e-02 1.445687821869441891e-01 1.438427876985666487e-01 4.925145825119298798e-02 4.791990718410855249e-02 1.073730208409389028e-20 1.076436430636283552e-20 2.601584186135445092e-20 2.637481650316586349e-20
3.388441561392029344e-01 9.334266737820395843e-02 1.443169177379313162e-01 1.435579065042134617e-01 4.921628226433137632e-02 4.782388186389700119e-02 1.074664991539650796e-20 1.077502200244222076e-20 2.602509475565384705e-20 2.640123903847141620e-20
3.467368504525319972e-01 9.551689740890945135e-02 1.440535754340467878e-01 1.432601056057580258e-01 4.917945847891191935e-02 4.772352254152802120e-02 1.075645231008257680e-20 1.078619937375046100e-20 2.603479748010194911e-20 2.642894510414815743e-20
3.548133892335758599e-01 9.774177176293677438e-02 1.437782516586798010e-01 1.429488242402749409e-01 4.914091022750188137e-02 4.761864313928562686e-02 1.076673163095363895e-20 1.079792218473233366e-20 2.604497151323259066e-20 2.645799785334389494e-20
3.630780547701017436e-01 1.000184700981181091e-01 1.434904225851729165e-01 1.426234797527613229e-01 4.910055732922407462e-02 4.750905051957386022e-02 1.077751142616619071e-20 1.081021757873996525e-20 2.605563946604291238e-20 2.648846376897137826e-20
3.715352290971729587e-01 1.023481995500463981e-01 1.431895435530447236e-01 1.422834669869892377e-01 4.905831593387469797e-02 4.739454431040377586e-02 1.078881649488917714e-20 1.082311415614705881e-20 2.606682513905610541e-20 2.652041284719082297e-20
3.801893963205616456e-01 1.047321953721147142e-01 1.428750484452548652e-01 1.419281576851287585e-01 4.901409836041459300e-02 4.727491673740663591e-02 1.080067295734638538e-20 1.083664205783217622e-20 2.607855358297808146e-20 2.655391879277383686e-20
3.890451449942810558e-01 1.071717215904638143e-01 1.425463490688693158e-01 1.415568999014674700e-01 4.896781292896026927e-02 4.714995246329743706e-02 1.081310832957380170e-20 1.085083305437350114e-20 2.609085116335200929e-20 2.658905922735295488e-20
3.981071705534977578e-01 1.096680716741856160e-01 1.422028345420410234e-01 1.411690174336272252e-01 4.891936378581850098e-02 4.701942843685977952e-02 1.082615160324383611e-20 1.086572064142481546e-20 2.610374562952658224e-20 2.662591591136232123e-20
4.073802778041132333e-01 1.122225692211376302e-01 1.418438706910817304e-01 1.407638092766024807e-01 4.886865072206832833e-02 4.688311375311361023e-02 1.083983333092252000e-20 1.088134014172964015e-20 2.611726618802208662e-20 2.666457498072008019e-20
4.168693834703359191e-01 1.148365686597319774e-01 1.414687994612033595e-01 1.403405491047610976e-01 4.881556898496253183e-02 4.674076952688178271e-02 1.085418571718437464e-20 1.089772881430314419e-20 2.613144358073152014e-20 2.670512719928984476e-20
4.265795188015932271e-01 1.175114559670714237e-01 1.410769383454261172e-01 1.398984847875424098e-01 4.876000908235601089e-02 4.659214878211209027e-02 1.086924271603124554e-20 1.091492597136150097e-20 2.614631016817354207e-20 2.674766822827322911e-20
4.365158322401665458e-01 1.202486494038125797e-01 1.406675798363991037e-01 1.394368379458817142e-01 4.870185657987381039e-02 4.643699635942534487e-02 1.088504013511356810e-20 1.093297310360789977e-20 2.616190001817649455e-20 2.679229891382132928e-20
4.466835921509637042e-01 1.230496002661467109e-01 1.402399909064188654e-01 1.389548035563276940e-01 4.864099189054248151e-02 4.627504884472567054e-02 1.090161574730003543e-20 1.095191401457435965e-20 2.617824900040459111e-20 2.683912559423242986e-20
4.570881896148756285e-01 1.259157936552959545e-01 1.397934125217895618e-01 1.384515496107044663e-01 4.857729005715932108e-02 4.610603452215410181e-02 1.091900941018341868e-20 1.097179496478075304e-20 2.619539488702709030e-20 2.688826042817337863e-20
4.677351412871988412e-01 1.288487492649337818e-01 1.393270591979224315e-01 1.379262168407999478e-01 4.851062052692434179e-02 4.592967335442896260e-02 1.093726319418269287e-20 1.099266482651443020e-20 2.621337746007351278e-20 2.693982174564685293e-20
4.786300923226390336e-01 1.318500221869467470e-01 1.388401186025486345e-01 1.373779185171043193e-01 4.844084691845178259e-02 4.574567699470141052e-02 1.095642151995457547e-20 1.101457525016852587e-20 2.623223862590538918e-20 2.699393442334717634e-20
4.897788193684468605e-01 1.349212037359645289e-01 1.383317512151069351e-01 1.368057403327667954e-01 4.836782678118505679e-02 4.555374883369198852e-02 1.097653130590052036e-20 1.103758084312107465e-20 2.625202253730986370e-20 2.705073028640515838e-20
5.011872336272730211e-01 1.380639222930964138e-01 1.378010900510741599e-01 1.362087403841382438e-01 4.829141134707056610e-02 4.535358408674942249e-02 1.099764212663761880e-20 1.106173936227052996e-20 2.627277572382216138e-20 2.711034853854226348e-20
5.128613839913656047e-01 1.412798441693201568e-01 1.372472404610322327e-01 1.355859492610428929e-01 4.821144527470189178e-02 4.514486992550702932e-02 1.101980638338279285e-20 1.108711192142837457e-20 2.629454723084944694e-20 2.717293622294054305e-20
5.248074602497733165e-01 1.445706744889822815e-01 1.366692800150014486e-01 1.349363702602867643e-01 4.812776638579304572e-02 4.492728565957038178e-02 1.104307948730445421e-20 1.111376321492689811e-20 2.631738876833299303e-20 2.723864871623163810e-20
5.370317963702535558e-01 1.479381580938775587e-01 1.360662584838464861e-01 1.342589797380374650e-01 4.804020539444937843e-02 4.470050297375606496e-02 1.106752005699266651e-20 1.114176175890399475e-20 2.634135486959577950e-20 2.730765025832795815e-20
5.495408738576254004e-01 1.513840804683872499e-01 1.354371979303213291e-01 1.335527276173533173e-01 4.794858562914076222e-02 4.446418622716680896e-02 1.109319013133158919e-20 1.117118015190968151e-20 2.636650306126035604e-20 2.738011452096297559e-20
5.623413251903499610e-01 1.549102686861664468e-01 1.347810929237455990e-01 1.328165380687298669e-01 4.785272274792692210e-02 4.421799282081166627e-02 1.112015539918082715e-20 1.120209535664525599e-20 2.639289404503962056e-20 2.745622521807871269e-20
5.754399373371578141e-01 1.585185923788828832e-01 1.340969108932837661e-01 1.320493103834050053e-01 4.775242444708761858e-02 4.396157364077677571e-02 1.114848544743194851e-20 1.123458900482361174e-20 2.642059189241558071e-20 2.753617676153808195e-20
5.888436553555899122e-01 1.622109647275201960e-01 1.333835926362915980e-01 1.312499200599999971e-01 4.764749016381874397e-02 4.369457358491864868e-02 1.117825402916600698e-20 1.126874772738625855e-20 2.644966425319721821e-20 2.762017496580191290e-20
6.025595860743586663e-01 1.659893434767720222e-01 1.326400529993913002e-01 1.304172201274504672e-01 4.753771077342008183e-02 4.341663218120100226e-02 1.120953935383288601e-20 1.130466351252482474e-20 2.648018257914186977e-20 2.770843780565195165e-20
6.165950018614831940e-01 1.698557319730639170e-01 1.318651817515258950e-01 1.295500427284176359e-01 4.742286828183356340e-02 4.312738430664252859e-02 1.124242440157794648e-20 1.134243409424674767e-20 2.651222236384764364e-20 2.780119623129694300e-20
6.309573444801942488e-01 1.738121802267543203e-01 1.310578446696129273e-01 1.286472009893753765e-01 4.730273551424434703e-02 4.282646101636421176e-02 1.127699726408422646e-20 1.138216337452077760e-20 2.654586340032396809e-20 2.789869504558120853e-20
6.456542290346566348e-01 1.778607859990772033e-01 1.302168848591308825e-01 1.277074912052950095e-01 4.717707580088176256e-02 4.251349049285831072e-02 1.131335151455923919e-20 1.142396188238562113e-20 2.658119005770642530e-20 2.800119384838899852e-20
6.606934480075971061e-01 1.820036959144025468e-01 1.293411243335126082e-01 1.267296953689988070e-01 4.704564266113725468e-02 4.218809912615526653e-02 1.135158660979962545e-20 1.146794727377894426e-20 2.661829157878441195e-20 2.810896805375960864e-20
6.760829753919829210e-01 1.862431065984054557e-01 1.284293658779876446e-01 1.257125840768921199e-01 4.690817948744209487e-02 4.184991273631654546e-02 1.139180832760229280e-20 1.151424487628976881e-20 2.665726240013900671e-20 2.822230998560418141e-20
6.918309709189376377e-01 1.905812658427457618e-01 1.274803952252595574e-01 1.246549198449235785e-01 4.676441923056846167e-02 4.149855795022937971e-02 1.143412924317252471e-20 1.156298828351679499e-20 2.669820249687080137e-20 2.834153005836745952e-20
7.079457843841391318e-01 1.950204737968772306e-01 1.264929835721595452e-01 1.235554608707363361e-01 4.661408408815793936e-02 4.113366374522113567e-02 1.147866924861250030e-20 1.161432000425679710e-20 2.674121775413134127e-20 2.846695804943639392e-20
7.244359600749913364e-01 1.995630841876168959e-01 1.254658904683294274e-01 1.224129652795659107e-01 4.645688519906251979e-02 4.075486317278323445e-02 1.152555612005746242e-20 1.166839217238176042e-20 2.678642036775381448e-20 2.859894447046718613e-20
7.413102413009188263e-01 2.042115055671225587e-01 1.243978671095073013e-01 1.212261958938343626e-01 4.629252234505698560e-02 4.036179527599716155e-02 1.157492613759371412e-20 1.172536732393771249e-20 2.683392927691325594e-20 2.873786204530272470e-20
7.585775750291851027e-01 2.089682025899387285e-01 1.232876600706929726e-01 1.199939255678144079e-01 4.612068366440119638e-02 3.995410721495205875e-02 1.162692476367934472e-20 1.178541924880280404e-20 2.688387063128931107e-20 2.888410730246954038e-20
7.762471166286931679e-01 2.138356973197892419e-01 1.221340155145076017e-01 1.187149431307513714e-01 4.594104537903927199e-02 3.953145661471293981e-02 1.168170738658127829e-20 1.184873392511476308e-20 2.693637829640000406e-20 2.903810229062674879e-20
7.943282347242829333e-01 2.188165705668087546e-01 1.209356839139088674e-01 1.173880599832167471e-01 4.575327154013972969e-02 3.909351415081897124e-02 1.173944013605525597e-20 1.191551054568613915e-20 2.699159440041142161e-20 2.920029642555252972e-20
8.128305161641007359e-01 2.239134632559225124e-01 1.196914253283105495e-01 1.160121173928766597e-01 4.555701379602718898e-02 3.863996638742862172e-02 1.180030077949814367e-20 1.198596264675127886e-20 2.704966992644255338e-20 2.937116847739807019e-20
8.317637711026726333e-01 2.291290778270996531e-01 1.184000152744095202e-01 1.145859945370012734e-01 4.535191118738646221e-02 3.817051888327613329e-02 1.186447970781970745e-20 1.206031935065817803e-20 2.711076535473609397e-20 2.955122870688286062e-20
8.511380382023780999e-01 2.344661796682226129e-01 1.170602512340666035e-01 1.131086173391683825e-01 4.513758997533984241e-02 3.768489958072469836e-02 1.193218102149517827e-20 1.213882673558499362e-20 2.717505135951611585e-20 2.974102115869881330e-20
8.709635899560823624e-01 2.399275985813324463e-01 1.156709598425439411e-01 1.115789681490171742e-01 4.491366350861760587e-02 3.718286249231137625e-02 1.200362372863984647e-20 1.222174934692152413e-20 2.724270956591091421e-20 2.994112611994078176e-20
8.912509381337472281e-01 2.455162302830272980e-01 1.142310048010625328e-01 1.099960963120616142e-01 4.467973213687875811e-02 3.666419169932205041e-02 1.207904306852588624e-20 1.230937186686071311e-20 2.731393337289909557e-20 3.015216274997100167e-20
9.120108393559115401e-01 2.512350379398097244e-01 1.127392955578706696e-01 1.083591296768152135e-01 4.443538317810535876e-02 3.612870567545584111e-02 1.215869197577391806e-20 1.240200096073497503e-20 2.738892884890506614e-20 3.037479188658711910e-20
9.332543007969928972e-01 2.570870537391966582e-01 1.111947968017393956e-01 1.066672870840527504e-01 4.418019094894933690e-02 3.557626194769188815e-02 1.224284270253322977e-20 1.249996732096936405e-20 2.746791570742015027e-20 3.060971903065239434e-20
9.549925860214378837e-01 2.630753804974256260e-01 1.095965388109308575e-01 1.049198918804888081e-01 4.391371686797436447e-02 3.500676210473544631e-02 1.233178861835736116e-20 1.260362793209206400e-20 2.755112837086522694e-20 3.085769750767340965e-20
9.772372209558126688e-01 2.692031933046086234e-01 1.079436286990933525e-01 1.031163864953047599e-01 4.363550964289330397e-02 3.442015716129842584e-02 1.242584621023622067e-20 1.271336858311605542e-20 2.763881713185824207e-20 3.111953179965118740e-20
1.000000000000001998e+00 2.754737412082072234e-01 1.062352625970977293e-01 1.012563481128215537e-01 4.334510555416664496e-02 3.381645328378624776e-02 1.252535730841954787e-20 1.282960665679080141e-20 2.773124942211823800e-20 3.139608103347652233e-20
1.023292992280756319e+00 2.818903489357204584e-01 1.044707388063976505e-01 9.933950546802718107e-02 4.304202884871356077e-02 3.319571787967443705e-02 1.263069156732659073e-20 1.295279422872646781e-20 2.782871120043974311e-20 3.168826260259823349e-20
1.047128548050901609e+00 2.884564186574992695e-01 1.026494719549123219e-01 9.736575678335160355e-02 4.272579225898767014e-02 3.255808604882992618e-02 1.274224923506067619e-20 1.308342151321391691e-20 2.793150847253034845e-20 3.199705588594095398e-20
1.071519305237608632e+00 2.951754317906223335e-01 1.007710081805011093e-01 9.533518885484791594e-02 4.239589766427497020e-02 3.190376739021835023e-02 1.286046424992557690e-20 1.322202069667274205e-20 2.803996895704568071e-20 3.232350601111289344e-20
1.096478196143187311e+00 3.020509508447896119e-01 9.883504135966525439e-02 9.324809728345861970e-02 4.205183691284244268e-02 3.123305315174123784e-02 1.298580770797398787e-20 1.336917020400285212e-20 2.815444391388556790e-20 3.266872758659849710e-20
1.122018454301965784e+00 3.090866213112117289e-01 9.684143038990958297e-02 9.110500783212407971e-02 4.169309282540899220e-02 3.054632370421589763e-02 1.311879175212730463e-20 1.352549944757891952e-20 2.827531015279110206e-20 3.303390829833420190e-20
1.148153621496885268e+00 3.162861735954982656e-01 9.479021752304718496e-02 8.890669887174161568e-02 4.131914040242055941e-02 2.984405631270359641e-02 1.325997394092018501e-20 1.369169411303557744e-20 2.840297224250485053e-20 3.342031222779524626e-20
1.174897554939532185e+00 3.236534249955674847e-01 9.268164773334773565e-02 8.665422485816522136e-02 4.092944825970648570e-02 2.912683316934637154e-02 1.340996216359356759e-20 1.386850204004972722e-20 2.853786494328698278e-20 3.382928269897660336e-20
1.202264434617415612e+00 3.311922817256288676e-01 9.051618908857576862e-02 8.434894075816268266e-02 4.052348031930916306e-02 2.839534964151458132e-02 1.356942017824731920e-20 1.405673975959061097e-20 2.868045588844468998e-20 3.426224439722944334e-20
1.230268770812384282e+00 3.389067409873092740e-01 8.829455407336249395e-02 8.199252731422819462e-02 4.010069778458198730e-02 2.765042267725165842e-02 1.373907386124255594e-20 1.425729975089746069e-20 2.883124854378330437e-20 3.472070441984950820e-20
1.258925411794169946e+00 3.468008930890221775e-01 8.601772179271206797e-02 7.958701700599969675e-02 3.966056143102049403e-02 2.689299929667072694e-02 1.391971826919270699e-20 1.447115848075288093e-20 2.899078547757660815e-20 3.520625181163943671e-20
1.288249551693136929e+00 3.548789236147034121e-01 8.368696095848429661e-02 7.713482052947674694e-02 3.920253424669353087e-02 2.612416508297139492e-02 1.411222562987162643e-20 1.469938528295577101e-20 2.915965197784179253e-20 3.572055500235973392e-20
1.318256738556410124e+00 3.631451156430630656e-01 8.130385353313590580e-02 7.463875357390761800e-02 3.872608445855845599e-02 2.534515257003623970e-02 1.431755439533804906e-20 1.494315212509108996e-20 2.933848005844793038e-20 3.626535638976406161e-20
1.348962882591656642e+00 3.716038520185304117e-01 7.887031887255660512e-02 7.210206362986383566e-02 3.823068898329030213e-02 2.455734940511074965e-02 1.453675950960863017e-20 1.520374428958485770e-20 2.952795290097014325e-20 3.684246309322410406e-20
1.380384264602888100e+00 3.802596176750966395e-01 7.638863817326299599e-02 6.952845651040491515e-02 3.771583734349721190e-02 2.376230614477608735e-02 1.477100406426598053e-20 1.548257196205599290e-20 2.972880978528976687e-20 3.745373262916119274e-20
1.412537544622757713e+00 3.891170020142852848e-01 7.386147898828546166e-02 6.692212221018808971e-02 3.718103609223877976e-02 2.296174352035405125e-02 1.502157253822029627e-20 1.578118266555813793e-20 2.994185156882114978e-20 3.810105192025031911e-20
1.445439770745930996e+00 3.981807013385141869e-01 7.129191953062442855e-02 6.428775966481622972e-02 3.662581379051053215e-02 2.215755898506146723e-02 1.528988584186782036e-20 1.610127439501358543e-20 3.016794678200122901e-20 3.878630763568132906e-20
1.479108388168210997e+00 4.074555213411374943e-01 6.868347243306652250e-02 6.163059990469330063e-02 3.604972658369746952e-02 2.135183232981133911e-02 1.557751840996907573e-20 1.644470917849596656e-20 3.040803841638672076e-20 3.951134536193315569e-20
1.513561248436211759e+00 4.169463796544871648e-01 6.604010757840904355e-02 5.895642702440324207e-02 3.545236442377370373e-02 2.054683012767868910e-02 1.588621760969228732e-20 1.681352660182391967e-20 3.066315149144238546e-20 4.027791452061434620e-20
1.548816618912485010e+00 4.266583084572674878e-01 6.336627355485761892e-02 5.627159631047222443e-02 3.483335798408277589e-02 1.974500873908838564e-02 1.621792574704366549e-20 1.720995655301529511e-20 3.093440149691778441e-20 4.108759529133406664e-20
1.584893192461117373e+00 4.365964571426823038e-01 6.066691722776721557e-02 5.358304878804771160e-02 3.419238631264631678e-02 1.894901558106366901e-02 1.657480496081252975e-20 1.763643003527956701e-20 3.122300381962578264e-20 4.194170309332144596e-20
1.621810097358934000e+00 4.467660950487114535e-01 5.794750085143510893e-02 5.089832136140604035e-02 3.352918526790971826e-02 1.816168833498617297e-02 1.695926527936563019e-20 1.809558630812317422e-20 3.153028427639976947e-20 4.284116549384793328e-20
1.659586907437564873e+00 4.571726142519837444e-01 5.521401607396560912e-02 4.822555163558097518e-02 3.284355677734160373e-02 1.738605173895231906e-02 1.737399606822498401e-20 1.859027377253011515e-20 3.185769088889051328e-20 4.378636586303581909e-20
1.698243652461748576e+00 4.678215324267273600e-01 5.247299411523697471e-02 4.557347641852481368e-02 3.213537895406232137e-02 1.662531158383458163e-02 1.782200099366595159e-20 1.912354081919173638e-20 3.220680705037488315e-20 4.477694788362029861e-20
1.737800828749379800e+00 4.787184957703137234e-01 4.973151132394704882e-02 4.295142281722041239e-02 3.140461709932120676e-02 1.588284550767891240e-02 1.830663643600994612e-20 1.969861117884059868e-20 3.257936624937701700e-20 4.581157546677026709e-20
1.778279410038927422e+00 4.898692819969458490e-01 4.699718924620347599e-02 4.036929075984837384e-02 3.065133560876511648e-02 1.516219016240039075e-02 1.883165295423549117e-20 2.031883598876059717e-20 3.297726852880089280e-20 4.688764419025713932e-20
1.819700858609988092e+00 5.012798034010793602e-01 4.427818826720588546e-02 3.783752570284082406e-02 2.987571078760541468e-02 1.446702431148234359e-02 1.940123885205772819e-20 2.098761163224379313e-20 3.340259887108189438e-20 4.800094371366299832e-20
1.862087136662872178e+00 5.129561099921985390e-01 4.158319382176432072e-02 3.536708022054678435e-02 2.907804456349030384e-02 1.380114740939997024e-02 2.002006400479050246e-20 2.170824823467552336e-20 3.385764770749541345e-20 4.914527656491597466e-20
1.905460717963252115e+00 5.249043927026125766e-01 3.892139411180636083e-02 3.296936313117340700e-02 2.825877906560455774e-02 1.316845321496810939e-02 2.069332069522816522e-20 2.248376840470370119e-20 3.434493375002099948e-20 5.031204815834527981e-20
1.949844599758050467e+00 5.371309866699685021e-01 3.630244822333451166e-02 3.065617479141802271e-02 2.741851201367473054e-02 1.257289800423181704e-02 2.142675600548144873e-20 2.331660952013847337e-20 3.486722933227936284e-20 5.148985669664526903e-20
1.995262314968884843e+00 5.496423745962260021e-01 3.373644350587215457e-02 2.843962720040299832e-02 2.655801283057034057e-02 1.201846297672893617e-02 2.222668692308993133e-20 2.420819624549469898e-20 3.542758841493917491e-20 5.266412995695340322e-20
2.041737944669534954e+00 5.624451901848712687e-01 3.123384106934931626e-02 2.633204759878474827e-02 2.567823935646263225e-02 1.150911049505099620e-02 2.309998417270093665e-20 2.515834478413675890e-20 3.602937735017409848e-20 5.381687779493347068e-20
2.089296130854044975e+00 5.755462216581946899e-01 2.880540827243636970e-02 2.434586433974082059e-02 2.478035500045466105e-02 1.104873386506988533e-02 2.405400308624099297e-20 2.616446030919035511e-20 3.667630839390295521e-20 5.492665118297497762e-20
2.137962089502237983e+00 5.889524153564962283e-01 2.646213712907864377e-02 2.249347395438774586e-02 2.386574611668910648e-02 1.064110045661043578e-02 2.509642853769087739e-20 2.722050087933109232e-20 3.737247578130578761e-20 5.596881420113693388e-20
2.187761623949558754e+00 6.026708794211266262e-01 2.421514765368025165e-02 2.078708854525044766e-02 2.293603933572710765e-02 1.028978808556792884e-02 2.623498488174058352e-20 2.831571588471613641e-20 3.812239390799273070e-20 5.691623469275984965e-20
2.238721138568345648e+00 6.167088875633183198e-01 2.207557530792796097e-02 1.923856292855019579e-02 2.199311851815134028e-02 9.998114732344326461e-03 2.747693987551412785e-20 2.943323951501911537e-20 3.893103673925850118e-20 5.774047049985920000e-20
2.290867652767779372e+00 6.310738829208031309e-01 2.005444191205922599e-02 1.785920132048501516e-02 2.103914092574712957e-02 9.769061861746046807e-03 2.882830365899447586e-20 3.054874419383194964e-20 3.980387693557202366e-20 5.841346198375930120e-20
2.344228815319928660e+00 6.457734820042628776e-01 1.816250964920143943e-02 1.665954383554972551e-02 2.007655212641248910e-02 9.605191839563613845e-03 3.029259293886994531e-20 3.162953631270051222e-20 4.074692223735977361e-20 5.890963803122527678e-20
2.398832919019497467e+00 6.608154787357040094e-01 1.641011813203484618e-02 1.564913364689079697e-02 1.910809906264609656e-02 9.508560213743588035e-03 3.186900644410380703e-20 3.263467018585176982e-20 4.176674525963591572e-20 5.920821865436737012e-20
2.454708915685037240e+00 6.762078485808975525e-01 1.480700492491080801e-02 1.483626635923253681e-02 1.813684062099208197e-02 9.480623945222059132e-03 3.354986423433011959e-20 3.351676285757791373e-20 4.287050081603290896e-20 5.929538798736154875e-20
2.511886431509587236e+00 6.919587527780777236e-01 1.336211042931984352e-02 1.422772397135031383e-02 1.716615494281974880e-02 9.522147035619373673e-03 3.531724750605986736e-20 3.422604064533570513e-20 4.406592195948012545e-20 5.916596243004776088e-20
2.570395782768871040e+00 7.080765426651377537e-01 1.208336865240116319e-02 1.382849676178339419e-02 1.619974261746572053e-02 9.633105404718001613e-03 3.713901354719302520e-20 3.471657644026590043e-20 4.536128174140973456e-20 5.882422561885840781e-20
2.630267991895389734e+00 7.245697641076199735e-01 1.097748609091692314e-02 1.364149751830392651e-02 1.524162480030795581e-02 9.812593316151764153e-03 3.896484285573389263e-20 3.495371595176700859e-20 4.676530180060427355e-20 5.828374839790130718e-20
2.691534803926923569e+00 7.414471620298465071e-01 1.004971177749944787e-02 1.366727374264119742e-02 1.429613520492411909e-02 1.005873412809419297e-02 4.072373225091487496e-20 3.492073935239639712e-20 4.828698075433878772e-20 5.756621958465028605e-20
2.754228703338174711e+00 7.587176850515948701e-01 9.303602448356877025e-03 1.390372478347515726e-02 1.336790483552347669e-02 1.036859864618955990e-02 4.232517908288652852e-20 3.462252959784302689e-20 4.993530441010452157e-20 5.669951478737905069e-20
2.818382931264462155e+00 7.763904902327734003e-01 8.740787792788048613e-03 1.434583225960321326e-02 1.246183826008447591e-02 1.073813486315464485e-02 4.366657085469256267e-20 3.408485902518627974e-20 5.171878563304606312e-20 5.571536078413585395e-20
2.884031503126614382e+00 7.944749479286161709e-01 8.360741818500147526e-03 1.498541359663054483e-02 1.158308018432482010e-02 1.116211336262689507e-02 4.464799593217434102e-20 3.334955238538289662e-20 5.364476444677812619e-20 5.464697916986008607e-20
2.951209226666394514e+00 8.129806467579701046e-01 8.160567487963892030e-03 1.581090996589985809e-02 1.073697108162059537e-02 1.163409311704366803e-02 4.519227408851821748e-20 3.246728275578755804e-20 5.571838016639917593e-20 5.352702499338119978e-20
3.019951720402025419e+00 8.319173986873060755e-01 8.134802914778645200e-03 1.680722131904234876e-02 9.928990675740654789e-03 1.214641278693161068e-02 4.526378405570456363e-20 3.149027233302217759e-20 5.794111153223148739e-20 5.238601412399981389e-20
3.090295432513599838e+00 8.512952442331545022e-01 8.275258508372124525e-03 1.795560247297512887e-02 9.164688174812198398e-03 1.269021289106659310e-02 4.487801001427237138e-20 3.046662765904597154e-20 6.030877780098669907e-20 5.125130400316595648e-20
3.162277660168388849e+00 8.711244577857201188e-01 8.570895460240229857e-03 1.923363521642490123e-02 8.449598330702632817e-03 1.325549431533630529e-02 4.409722664629314466e-20 2.943700951786576236e-20 6.280892226550951626e-20 5.014659042124061283e-20
3.235936569296292475e+00 8.914155530564988883e-01 9.007756800964474009e-03 2.061529205793764807e-02 7.789142663437162613e-03 1.383121850762522587e-02 4.301461593679143147e-20 2.843345467050875505e-20 6.541759057219557191e-20 4.909182216411413570e-20
3.311311214825921390e+00 9.121792886527881894e-01 9.568962835212094231e-03 2.207110737470219242e-02 7.188515561256530323e-03 1.440545430554556611e-02 4.173418546445791896e-20 2.747972066951634363e-20 6.809571194873697105e-20 4.810341328992006625e-20
3.388441561392036228e+00 9.334266737820413606e-01 1.023478297804318246e-02 2.356847119112382219e-02 6.652555458923019478e-03 1.496557559816520840e-02 4.035385753759424295e-20 2.659246947822350718e-20 7.078563323134815025e-20 4.719463817163554352e-20
3.467368504525327300e+00 9.551689740890966229e-01 1.098279575317781358e-02 2.507205944141070036e-02 6.185601923765049470e-03 1.549851286571022821e-02 3.895542276649705255e-20 2.578275792903797219e-20 7.340884475964697128e-20 4.637611445927130630e-20
3.548133892335765704e+00 9.774177176293695757e-01 1.178814784523274026e-02 2.654441216918548146e-02 5.791340251386818336e-03 1.599106000930615792e-02 3.760118988876980222e-20 2.505750463088926959e-20 7.586646221479495817e-20 4.565630352170500793e-20
3.630780547701025096e+00 1.000184700981183061e+00 1.262392149074093722e-02 2.794666750890745927e-02 5.472636096448178777e-03 1.643023572177668840e-02 3.633517304827353259e-20 2.442077044972083487e-20 7.804428170779873809e-20 4.504198027720218963e-20
3.715352290971737137e+00 1.023481995500465924e+00 1.346161701621732473e-02 2.923945431367997241e-02 5.231363736293573145e-03 1.680369592222120956e-02 3.518647490358456477e-20 2.387480008308483937e-20 7.982371102486172824e-20 4.453864149278854252e-20
3.801893963205624338e+00 1.047321953721149335e+00 1.427175386652512236e-02 3.038393980996973581e-02 5.068232773801840951e-03 1.710019046887622726e-02 3.417320419990408462e-20 2.342083269470822172e-20 8.109817789315134076e-20 4.415083272890973274e-20
3.890451449942818662e+00 1.071717215904640419e+00 1.502458891889356385e-02 3.134302059555312686e-02 4.982619404168348726e-03 1.731005350033443246e-02 3.330604588864001162e-20 2.305971583617793651e-20 8.179194119524967655e-20 4.388237940336181369e-20
3.981071705534985572e+00 1.096680716741858408e+00 1.569094519357407125e-02 3.208263565878264473e-02 4.972409754626386236e-03 1.742571240693047488e-02 3.259116030782880476e-20 2.279236313144505236e-20 8.187586818573603955e-20 4.373650766626821225e-20
4.073802778041140549e+00 1.122225692211378467e+00 1.624313725795626870e-02 3.257316900473204019e-02 5.033864191701115792e-03 1.744219573633826181e-02 3.203239550330277262e-20 2.262009209929487128e-20 8.137455482795712579e-20 4.371583670842822557e-20
4.168693834703367962e+00 1.148365686597322188e+00 1.665597176595214751e-02 3.279089719421888344e-02 5.161512788668619171e-03 1.735761549962080985e-02 3.163292758432842744e-20 2.254486947796534341e-20 8.036202450525711910e-20 4.382221659562720736e-20
4.265795188015940376e+00 1.175114559670716430e+00 1.690779287369769193e-02 3.271942408495014110e-02 5.348093241044541910e-03 1.717359466257837100e-02 3.139647678523653650e-20 2.256947982578571936e-20 7.894777373639956121e-20 4.405637587775471075e-20
4.365158322401674340e+00 1.202486494038128351e+00 1.698153305142732772e-02 3.235103197526478791e-02 5.584543267011258562e-03 1.689560647417112996e-02 3.132823498831941701e-20 2.269761920402871022e-20 7.725837030974389524e-20 4.441733320118405281e-20
4.466835921509646035e+00 1.230496002661469301e+00 1.686572054715251151e-02 3.168786609682174710e-02 5.860059762924138722e-03 1.653318918918825556e-02 3.143561237834382571e-20 2.293389806998884595e-20 7.542031645442903305e-20 4.490152126687446967e-20
4.570881896148765833e+00 1.259157936552961932e+00 1.655538609646360973e-02 3.074285914492247418e-02 6.162236509184894524e-03 1.609999826840697104e-02 3.172887825010511596e-20 2.328371353392542990e-20 7.354788553790811276e-20 4.550157798946024244e-20
4.677351412871997738e+00 1.288487492649340593e+00 1.605280423556547376e-02 2.954029568477175086e-02 6.477290832516427455e-03 1.561365894197764420e-02 3.222173490255239533e-20 2.375291726124957383e-20 7.173691135398776160e-20 4.620479296012739530e-20
4.786300923226399995e+00 1.318500221869469913e+00 1.536799974977799341e-02 2.811591445404479708e-02 6.790387120238783498e-03 1.509538579521265030e-02 3.293181769775954618e-20 2.434715767879147736e-20 7.006354471852918478e-20 4.699127885671465363e-20
4.897788193684478486e+00 1.349212037359647898e+00 1.451894850331024098e-02 2.651645156369853568e-02 7.086061263169280040e-03 1.456934345898353543e-02 3.388104466020133006e-20 2.507071222480967686e-20 6.858622840767898562e-20 4.783209269567946409e-20
5.011872336272740647e+00 1.380639222930967192e+00 1.353140535579963263e-02 2.479854116924213453e-02 7.348744835169028489e-03 1.406173414474366085e-02 3.509562030411329890e-20 2.592455487931673405e-20 6.734925387993117434e-20 4.868777537930464088e-20
5.128613839913666261e+00 1.412798441693204232e+00 1.243830127644048739e-02 2.302691398004933984e-02 7.563381038342993808e-03 1.359961404674437692e-02 3.660528891604505192e-20 2.690335892102701504e-20 6.638674610584426431e-20 4.950807966257863418e-20
5.248074602497744046e+00 1.445706744889825535e+00 1.127866818146319380e-02 2.127186924353560715e-02 7.716116213430967638e-03 1.320946161114028988e-02 3.844106976252061421e-20 2.799120194768137823e-20 6.572642228370772757e-20 5.023389045966130289e-20
5.370317963702546216e+00 1.479381580938778695e+00 1.009607420649007679e-02 1.960604315200139419e-02 7.795041260625139475e-03 1.291554595052194637e-02 4.063012027348498154e-20 2.915609776667574028e-20 6.539283465186431475e-20 5.080225479338426350e-20
5.495408738576265328e+00 1.513840804683875385e+00 8.936584336431251802e-03 1.810055551807757124e-02 7.790947073857273052e-03 1.273817225774698594e-02 4.318556399681691427e-20 3.034439080365704606e-20 6.541001454588412076e-20 5.115473202861298363e-20
5.623413251903510712e+00 1.549102686861667522e+00 7.846301068851580657e-03 1.682068520608938009e-02 7.698047750330233238e-03 1.269191118806717485e-02 4.608842751435961269e-20 3.147766675416250447e-20 6.580351191506484860e-20 5.124787482156224192e-20
5.754399373371589910e+00 1.585185923788831941e+00 6.868585621492918729e-03 1.582129960448930978e-02 7.514615864602125668e-03 1.278394822226574037e-02 4.925958137151233012e-20 3.245662049832606737e-20 6.660180207182350564e-20 5.106306405610311458e-20
5.888436553555910891e+00 1.622109647275205235e+00 6.041109454441968667e-03 1.514233876623184011e-02 7.243466742870975292e-03 1.301271349683176017e-02 5.252499535315853276e-20 3.317629590092624459e-20 6.783692250898819412e-20 5.061222601231599583e-20
6.025595860743599097e+00 1.659893434767723441e+00 5.392934554928501857e-03 1.480472295572068941e-02 6.892224936482230918e-03 1.336696818066066862e-02 5.559193615160311374e-20 3.355244958754586999e-20 6.954399755285218203e-20 4.993705373653822110e-20
6.165950018614844375e+00 1.698557319730642723e+00 4.941863631789965294e-03 1.480710339349942777e-02 6.473307635720533700e-03 1.382552530405406314e-02 5.807363308393798582e-20 3.354975247854682352e-20 7.175897874360766722e-20 4.910192877540108438e-20
6.309573444801955588e+00 1.738121802267546867e+00 4.692331445189251021e-03 1.512389855024982507e-02 6.003568261776972420e-03 1.435776597018263712e-02 5.959777335854524618e-20 3.319651527911289909e-20 7.451344559708721889e-20 4.818323307800443937e-20
6.456542290346579449e+00 1.778607859990775530e+00 4.634118457287303948e-03 1.570504027251296356e-02 5.503560394538327578e-03 1.492507157903146149e-02 5.997093353960903776e-20 3.257653191901215939e-20 7.782470880431261362e-20 4.725863368255671164e-20
6.606934480075985050e+00 1.820036959144029298e+00 4.742150173665709949e-03 1.647778390665161768e-02 4.996408498836210112e-03 1.548322595361814255e-02 5.928389417220836856e-20 3.180350411815866457e-20 8.167899839383172311e-20 4.639900279779995321e-20
6.760829753919843199e+00 1.862431065984058165e+00 4.977593174289169677e-03 1.735080570309382661e-02 4.506307696304639142e-03 1.598574746582570247e-02 5.786482922561081409e-20 3.099306674894209248e-20 8.600603992419198341e-20 4.566388931187659530e-20
6.918309709189390588e+00 1.905812658427461503e+00 5.290367378033085551e-03 1.822061556478323657e-02 4.056718923040886736e-03 1.638799351052944858e-02 5.612824447544222088e-20 3.024425229905952914e-20 9.064668237234931557e-20 4.509999368113040915e-20
7.079457843841406195e+00 1.950204737968776358e+00 5.623062897450085452e-03 1.898005799762019635e-02 3.668375399184699813e-03 1.665174592126585085e-02 5.444248048879444862e-20 2.963299906108588743e-20 9.532405016046670907e-20 4.474139128554025061e-20
7.244359600749928241e+00 1.995630841876173012e+00 5.916083869920189635e-03 1.952837386910679512e-02 3.357266673134918274e-03 1.674984979498050572e-02 5.307710338222358239e-20 2.921402081286915670e-20 9.964292163220798941e-20 4.461017369866494165e-20
7.413102413009203140e+00 2.042115055671229751e+00 6.113652973337119038e-03 1.978197789461422912e-02 3.132810843193194715e-03 1.667035921036653240e-02 5.221243926997723190e-20 2.902615557870123083e-20 1.031507252958132276e-19 4.471640630909983122e-20
7.585775750291866792e+00 2.089682025899391782e+00 6.170119094501934874e-03 1.968481265367503716e-02 2.996455399969036922e-03 1.641956603307890422e-02 5.197297791218128586e-20 2.909770468811248722e-20 1.054715828579670446e-19 4.505661233451809582e-20
7.762471166286947444e+00 2.138356973197896860e+00 6.055844902244027217e-03 1.921692232614023721e-02 2.940952917964065154e-03 1.602327973655487750e-02 5.246105292930041761e-20 2.944980730430850337e-20 1.064621755506763943e-19 4.561037734828216197e-20
7.943282347242845987e+00 2.188165705668092098e+00 5.761845184702812754e-03 1.839980859387591733e-02 2.950530200269406347e-03 1.552581311122819448e-02 5.378282153947140850e-20 3.009661981367939921e-20 1.062892495004274725e-19 4.633532308522343861e-20
8.128305161641023346e+00 2.239134632559229399e+00 5.302337476390346291e-03 1.729724690807891638e-02 3.002101130062341180e-03 1.498633024861676863e-02 5.606485354175737063e-20 3.104101276846759187e-20 1.053723616302773587e-19 4.716194671594299022e-20
8.317637711026742764e+00 2.291290778271001471e+00 4.714486835507787459e-03 1.601060052550793561e-02 3.067561455007182438e-03 1.447253477115014245e-02 5.945757072560895091e-20 3.226417495180662739e-20 1.042420003393254077e-19 4.799180362094283424e-20
8.511380382023798319e+00 2.344661796682230737e+00 4.054897967821746371e-03 1.466829164289870126e-02 3.117051992342473408e-03 1.405210208291779277e-02 6.411127434778236907e-20 3.370812585006273884e-20 1.034111456390027704e-19 4.870445910743492652e-20
8.709635899560840500e+00 2.399275985813329015e+00 3.392830361824494736e-03 1.340994908282523712e-02 3.122898481165918127e-03 1.378274587960080094e-02 7.008794102287597290e-20 3.525419565131194987e-20 1.033143004568716668e-19 4.917807197266460124e-20
8.912509381337491376e+00 2.455162302830277810e+00 2.800655553370176489e-03 1.236676806893115092e-02 3.063755288856711591e-03 1.370228201794119159e-02 7.714264495498070329e-20 3.671100440373872650e-20 1.043067312297752855e-19 4.932225471940829788e-20
9.120108393559133830e+00 2.512350379398102351e+00 2.342673366020123476e-03 1.164064270804393911e-02 2.928330289572098760e-03 1.382041018778107713e-02 8.434677942907301016e-20 3.783867280783888177e-20 1.066913825196889149e-19 4.911101456484723009e-20
9.332543007969947624e+00 2.570870537391972022e+00 2.063952308052090755e-03 1.128545959402481313e-02 2.717990346397447174e-03 1.411405769707360300e-02 8.986168254219120852e-20 3.842950139528287799e-20 1.107427790318441577e-19 4.859744404852115892e-20
9.549925860214397488e+00 2.630753804974261367e+00 1.981226336907439007e-03 1.129432897582000744e-02 2.447582323551820548e-03 1.452790786845452493e-02 9.171858132090994193e-20 3.841440918106208897e-20 1.166999630727348160e-19 4.790025596240193600e-20
9.772372209558145784e+00 2.692031933046091563e+00 2.077926023225106205e-03 1.159624343630290613e-02 2.143985441293344910e-03 1.498109303605431146e-02 8.955902023125190006e-20 3.791104126492310746e-20 1.246890903642087088e-19 4.717018962313781951e-20
1.000000000000004086e+01 2.754737412082077785e+00 2.305031024879852872e-03 1.206452948982739831e-02 1.842247358751199519e-03 1.537996830147565080e-02 8.503270352147290224e-20 3.716799894733306430e-20 1.345133539107830161e-19 4.655449847994888431e-20
1.023292992280757829e+01 2.818903489357209136e+00 2.588552107683240837e-03 1.253747753062023178e-02 1.579624647088426637e-03 1.563550571250495874e-02 8.024092360234204171e-20 3.646022051383134327e-20 1.452654794779445579e-19 4.617250174348763283e-20
1.047128548050903873e+01 2.884564186574998246e+00 2.843141234093320667e-03 1.284889845005583904e-02 1.388380964425368382e-03 1.568239748723646715e-02 7.656409577161690304e-20 3.601566403558177062e-20 1.549476690581960088e-19 4.610342010441481694e-20
1.071519305237611341e+01 2.951754317906231329e+00 2.989781483841202729e-03 1.286351430020355423e-02 1.288681795896006940e-03 1.549578943150272878e-02 7.466286499802568193e-20 3.599519726616464944e-20 1.608298014596971650e-19 4.638018958419972565e-20
1.096478196143189621e+01 3.020509508447902558e+00 2.974058867126329851e-03 1.250973356308326782e-02 1.283219872684060372e-03 1.510110698569837491e-02 7.485996066316150423e-20 3.650062868614296765e-20 1.611717176329879033e-19 4.698237645946151395e-20
1.122018454301967516e+01 3.090866213112122729e+00 2.780598639907923102e-03 1.180130550897618563e-02 1.355164206802168553e-03 1.457307589217398530e-02 7.742036630795612276e-20 3.758022258876307129e-20 1.568351528296879356e-19 4.782596694554321917e-20
1.148153621496887666e+01 3.162861735954988873e+00 2.439297968184660041e-03 1.084033650433425394e-02 1.470543453644757113e-03 1.402198687982935191e-02 8.265934275854511914e-20 3.921055531152637569e-20 1.505568229033681343e-19 4.875673265316335339e-20
1.174897554939535027e+01 3.236534249955681730e+00 2.020306901303811024e-03 9.797577862129272508e-03 1.585240770471054057e-03 1.356838295057978018e-02 9.082715295674788278e-20 4.124440217739197260e-20 1.450079309941849587e-19 4.956502463785048510e-20
1.202264434617418054e+01 3.311922817256295115e+00 1.617304440901025505e-03 8.871513963189662719e-03 1.655522879510450563e-03 1.331108334690862989e-02 1.015145947591154543e-19 4.334365237731087605e-20 1.418965312812520656e-19 5.004177101135501410e-20
1.230268770812386236e+01 3.389067409873097958e+00 1.322060289889142107e-03 8.234507187084670957e-03 1.649740037258635864e-03 1.329677313116519981e-02 1.122790538947994670e-19 4.498892007124978024e-20 1.421450090450712288e-19 5.006869167708999476e-20
1.258925411794172611e+01 3.468008930890229102e+00 1.196679307194477727e-03 7.980195905677665499e-03 1.557931529697019349e-03 1.350097831266055225e-02 1.180145308208987409e-19 4.570014713631217278e-20 1.462733437413050834e-19 4.968859912617831213e-20
1.288249551693140127e+01 3.548789236147043447e+00 1.252084569335684162e-03 8.089144224524447147e-03 1.395995422747061017e-03 1.382891465114122372e-02 1.153738919624491364e-19 4.539134853956386770e-20 1.545245101354573586e-19 4.909591117097147809e-20
1.318256738556412877e+01 3.631451156430637983e+00 1.441009350053976514e-03 8.427333380512750174e-03 1.202139840199201518e-03 1.413988556274338275e-02 1.075451861023058128e-19 4.447124494858525903e-20 1.665182650968748176e-19 4.855303980009292265e-20
1.348962882591658818e+01 3.716038520185311000e+00 1.670351753029809339e-03 8.783640066926704307e-03 1.025514421505183994e-03 1.429123148610425727e-02 9.988963040077047697e-20 4.355992358898536481e-20 1.802886914486372914e-19 4.829526414178681859e-20
1.380384264602890809e+01 3.802596176750974166e+00 1.831537019451999525e-03 8.939298102661785358e-03 9.097537724035942254e-04 1.418938296650802330e-02 9.539300377187767940e-20 4.317900841473469487e-20 1.914156489426568381e-19 4.846828104334796596e-20
1.412537544622761310e+01 3.891170020142861841e+00 1.840192281502808086e-03 8.748342895913420805e-03 8.767182588372322101e-04 1.382963178796652037e-02 9.516840099597981418e-20 4.364771131747623068e-20 1.949886564985404633e-19 4.909463821785730535e-20
1.445439770745933927e+01 3.981807013385150196e+00 1.670760153673385299e-03 8.198920152314673193e-03 9.168163574407501605e-04 1.330632070818999098e-02 9.987742114288221773e-20 4.508645052032161069e-20 1.906769498055096707e-19 5.005072576119814788e-20
1.479108388168213217e+01 4.074555213411381160e+00 1.370744217467542801e-03 7.426791701022613518e-03 9.909646899068248055e-04 1.278338284506484387e-02 1.102671534957755934e-19 4.737222169955858570e-20 1.834046247390769639e-19 5.106419322958190946e-20
1.513561248436214868e+01 4.169463796544880196e+00 1.045057942248794241e-03 6.667204147130618812e-03 1.045286555759790056e-03 1.243053237500797714e-02 1.262857040299466236e-19 4.999798457033775932e-20 1.785754241486323699e-19 5.178387052387473833e-20
1.548816618912489140e+01 4.266583084572686424e+00 8.127889865089667990e-04 6.156710410356271666e-03 1.034087318887164011e-03 1.234785312958736232e-02 1.431975111346974847e-19 5.202954303642526714e-20 1.795398121532799884e-19 5.195694952842209256e-20
1.584893192461120570e+01 4.365964571426832030e+00 7.525411195154479028e-04 6.023182349254440661e-03 9.417195045198600671e-04 1.251279602872908299e-02 1.488192999366426926e-19 5.260310368019319737e-20 1.881388954211579231e-19 5.161336686201955677e-20
1.621810097358936531e+01 4.467660950487121418e+00 8.617106124087267182e-04 6.216503296036012503e-03 7.924363236650260826e-04 1.278044434896820694e-02 1.390732660913636941e-19 5.177871767080499882e-20 2.050959976457012012e-19 5.107006326439726295e-20
1.659586907437568115e+01 4.571726142519846547e+00 1.053051309878986781e-03 6.522430345896890191e-03 6.411764301668534472e-04 1.294700304595005312e-02 1.258054943041584605e-19 5.054982423525831969e-20 2.280082692839088589e-19 5.074050059382709261e-20
1.698243652461752973e+01 4.678215324267286590e+00 1.196264387930333307e-03 6.665699993897860470e-03 5.470139536441516589e-04 1.285371766974148511e-02 1.180349954672644361e-19 5.000362541728835670e-20 2.468540007771423747e-19 5.092429137752180083e-20
1.737800828749383442e+01 4.787184957703146004e+00 1.188111537707686044e-03 6.458728493250980376e-03 5.411886912241823397e-04 1.247949938717633940e-02 1.184392825985143046e-19 5.079849674424591816e-20 2.481789919271927476e-19 5.168217599160420912e-20
1.778279410038929953e+01 4.898692819969466150e+00 1.014031518709734977e-03 5.915750005766676201e-03 6.074073224421243453e-04 1.196499552150400401e-02 1.282031357172375141e-19 5.307860109956685910e-20 2.342606592178410222e-19 5.278166700597930739e-20
1.819700858609991911e+01 5.012798034010803150e+00 7.618968042050251353e-04 5.256748580490195298e-03 6.883552868796429577e-04 1.154047817442754691e-02 1.479027669636204213e-19 5.630743857780531751e-20 2.200559148896830114e-19 5.374368866421882854e-20
1.862087136662876929e+01 5.129561099921999379e+00 5.716666165607014452e-04 4.781151284816274709e-03 7.185039813060456471e-04 1.138667289796636319e-02 1.707469516738371429e-19 5.904160186828931596e-20 2.153896265000575400e-19 5.410544211435376794e-20
1.905460717963256201e+01 5.249043927026137091e+00 5.449937889636436751e-04 4.675265600671800123e-03 6.657119429376135529e-04 1.151050276946388902e-02 1.748753506732614200e-19 5.970644737630449150e-20 2.237670819632933307e-19 5.381362224581635126e-20
1.949844599758053576e+01 5.371309866699693458e+00 6.721802071990994358e-04 4.877561961317499438e-03 5.543280922010895189e-04 1.172619612724133328e-02 1.574640852870884923e-19 5.845517664817939980e-20 2.452200228100492028e-19 5.331639732766676303e-20
1.995262314968888973e+01 5.496423745962270679e+00 8.326753342611419376e-04 5.108911913909082794e-03 4.503588642177534448e-04 1.177459792179720750e-02 1.414772223962940974e-19 5.711631333253774501e-20 2.720570690981371876e-19 5.320670072412581113e-20
2.041737944669539928e+01 5.624451901848726010e+00 8.798682708059550389e-04 5.070089698506505087e-03 4.141541023493416408e-04 1.151361882895282455e-02 1.376307721575753769e-19 5.733456916649033607e-20 2.836993814204214713e-19 5.380633966166620041e-20
2.089296130854049238e+01 5.755462216581958224e+00 7.552250607328286989e-04 4.675272357985611055e-03 4.529723499209556002e-04 1.103974867778568375e-02 1.485546253541923367e-19 5.970640422848258745e-20 2.712710985992888066e-19 5.494899823515277910e-20
2.137962089502241270e+01 5.889524153564971165e+00 5.412493940154958433e-04 4.133688428722079485e-03 5.123987885091666611e-04 1.062700400700405945e-02 1.754792070441889490e-19 6.349733602512583033e-20 2.550558714301174059e-19 5.600592190386366255e-20
2.187761623949563017e+01 6.026708794211279141e+00 3.983341063703548781e-04 3.786232460531143654e-03 5.197601315912130484e-04 1.050484042122600513e-02 2.045505389491632752e-19 6.634691556804164123e-20 2.532432572172811059e-19 5.633063447804979978e-20
2.238721138568351421e+01 6.167088875633198519e+00 4.255845447570715478e-04 3.807894144079041702e-03 4.483320728151487296e-04 1.064912218034193281e-02 1.978934640796340246e-19 6.615793504858524038e-20 2.726713248916563761e-19 5.594772966250357896e-20
2.290867652767784080e+01 6.310738829208044187e+00 5.656464047815169512e-04 4.035734583890966849e-03 3.453398080958691458e-04 1.078630144547040697e-02 1.716531822894178907e-19 6.426330787529253445e-20 3.106819704778483408e-19 5.559082201546757027e-20
2.344228815319932480e+01 6.457734820042640322e+00 6.531413935075049962e-04 4.109086574076988713e-03 2.910207955911031045e-04 1.064254648010316828e-02 1.597426080005807065e-19 6.368713745101452736e-20 3.384366291615922743e-19 5.596501117917570070e-20
2.398832919019502086e+01 6.608154787357052307e+00 5.773512823047275908e-04 3.823987244098202634e-03 3.200873365946982265e-04 1.022239340407134905e-02 1.699042754136985727e-19 6.601857673829716415e-20 3.227045778151917592e-19 5.710354594462532095e-20
2.454708915685043635e+01 6.762078485808992845e+00 4.016872659709904759e-04 3.355777212007759764e-03 3.830517830499960766e-04 9.823270357973463637e-03 2.036949877933209395e-19 7.047382026970236046e-20 2.949922650212393223e-19 5.825206482854327612e-20
2.511886431509592299e+01 6.919587527780791447e+00 3.014043251168616174e-04 3.085028237894765161e-03 3.955840088019727538e-04 9.726764742421666401e-03 2.351525186774802343e-19 7.350126320764734407e-20 2.902819347484994956e-19 5.854033005581889037e-20
2.570395782768875037e+01 7.080765426651388417e+00 3.668990558626094721e-04 3.172411573765448762e-03 3.317035787136540705e-04 9.873458063266489157e-03 2.131331863496844836e-19 7.248190714731212427e-20 3.170036728829443841e-19 5.810382587977741229e-20
2.630267991895394886e+01 7.245697641076214168e+00 4.913668628727214330e-04 3.358138770290747949e-03 2.558742783787814083e-04 9.912026552279238831e-03 1.841710831823141864e-19 7.044903610871092534e-20 3.609325561316551745e-19 5.799067238060095835e-20
2.691534803926930408e+01 7.414471620298484389e+00 4.948513426458660356e-04 3.266342783124129550e-03 2.462936684599007896e-04 9.619260856999890461e-03 1.835215203213907075e-19 7.143211269276542202e-20 3.678855662575111831e-19 5.886654156234211208e-20
2.754228703338180040e+01 7.587176850515963800e+00 3.540373965861533202e-04 2.885373525977110928e-03 2.945561805360904888e-04 9.197982789762949862e-03 2.169700582376187144e-19 7.600170818943820761e-20 3.363994698949324826e-19 6.019952663848702946e-20
2.818382931264466507e+01 7.763904902327745106e+00 2.399986525658454647e-04 2.597529223675639105e-03 3.138226501686384421e-04 9.028545950290525757e-03 2.635238781007336136e-19 8.010214642732991327e-20 3.259096574781727861e-19 6.076177697392564230e-20
2.884031503126620422e+01 7.944749479286179472e+00 2.864337686188040202e-04 2.659117585714098654e-03 2.577746740481447218e-04 9.144603537352113606e-03 2.412194185507716286e-19 7.916908101234795591e-20 3.595996409699279422e-19 6.037497054894613417e-20
2.951209226666401975e+01 8.129806467579721030e+00 3.943270732742820217e-04 2.822314540860634303e-03 1.906088273759811108e-04 9.164732449821704277e-03 2.055872025613539003e-19 7.684607107854463375e-20 4.181844385506516061e-19 6.030863197698651350e-20
3.019951720402031370e+01 8.319173986873074966e+00 3.744457717071013759e-04 2.690924958776323012e-03 1.955276266855998169e-04 8.849828418161048010e-03 2.109744723537152435e-19 7.869979142714326335e-20 4.128908971189086317e-19 6.137223613177904947e-20
3.090295432513604723e+01 8.512952442331558345e+00 2.421359005174643472e-04 2.336927102158524623e-03 2.456912841581223011e-04 8.488134149473714266e-03 2.623582842963020338e-19 8.445041579395360852e-20 3.683362798886223814e-19 6.266618483043264886e-20
3.162277660168395599e+01 8.711244577857218729e+00 1.980086000663036725e-04 2.198123401111715634e-03 2.437748778013338051e-04 8.448704192944753513e-03 2.901231259589882421e-19 8.707597378171329143e-20 3.697812608476123006e-19 6.281224561407858657e-20
3.235936569296301002e+01 8.914155530565011532e+00 2.921839402866615253e-04 2.348777135718793652e-03 1.825813513415722557e-04 8.556727902963598073e-03 2.388340284697266462e-19 8.423711209813030881e-20 4.272786217561404668e-19 6.241450228440648698e-20
3.311311214825928317e+01 9.121792886527900990e+00 3.313109254525862797e-04 2.360417745838900693e-03 1.582493258969486780e-04 8.377861721515661789e-03 2.242882363779334599e-19 8.402914397145172910e-20 4.589532380583699146e-19 6.307725401944380061e-20
3.388441561392041024e+01 9.334266737820428261e+00 2.250936467783642048e-04 2.070549817330335444e-03 1.969463168014606695e-04 8.003362561265046568e-03 2.721089059281972951e-19 8.971840264799877742e-20 4.114010928424809411e-19 6.453616093700931036e-20
3.467368504525334316e+01 9.551689740890983771e+00 1.593916892870358884e-04 1.894946663261215048e-03 2.041731577342365456e-04 7.897742844163861339e-03 3.233639029607481566e-19 9.378337971943211792e-20 4.040545948213604025e-19 6.496626185711439358e-20
3.548133892335774675e+01 9.774177176293720848e+00 2.377726022805378336e-04 2.023823976927960084e-03 1.483728614461405715e-04 7.998049137141917744e-03 2.647545724611029530e-19 9.074819725691431554e-20 4.739823135501009837e-19 6.455759435505054908e-20
3.630780547701032646e+01 1.000184700981185060e+01 2.709288105160696574e-04 2.031064834107159604e-03 1.277625785734496624e-04 7.824556371217166253e-03 2.480257546302436342e-19 9.058629168514441782e-20 5.107842983301832133e-19 6.526938352656108244e-20
3.715352290971743088e+01 1.023481995500467612e+01 1.712133408562847414e-04 1.759008161437934040e-03 1.678077257581391749e-04 7.480901498923349553e-03 3.120007040087585268e-19 9.733979954649546654e-20 4.456905202711555742e-19 6.675171135079185134e-20
3.801893963205632332e+01 1.047321953721151466e+01 1.439246349057633528e-04 1.663623142376703451e-03 1.651123789717500866e-04 7.443903854727266373e-03 3.402959705060322291e-19 1.000914309703534698e-19 4.493135907189524328e-19 6.691739021024677580e-20
3.890451449942828788e+01 1.071717215904643261e+01 2.270601237565775883e-04 1.796782470741641654e-03 1.163329543843755486e-04 7.495738873912695735e-03 2.709280303579173658e-19 9.631116225022954321e-20 5.352885994084392676e-19 6.668561307852627630e-20
3.981071705534993299e+01 1.096680716741860628e+01 2.014660133254136606e-04 1.685711101883686711e-03 1.240483501447626059e-04 7.217634458638889569e-03 2.876229117369043579e-19 9.943351710299350875e-20 5.183747947295740574e-19 6.795820998376567768e-20
4.073802778041147121e+01 1.122225692211380377e+01 1.155274733551044694e-04 1.465017555829355297e-03 1.504694364256479793e-04 6.995201955824245643e-03 3.798234176223191768e-19 1.066603391526170067e-19 4.706685995049951031e-19 6.903021784923313649e-20
4.168693834703376666e+01 1.148365686597324498e+01 1.648605486582680867e-04 1.541050203611016040e-03 1.119807856757311886e-04 7.070576843861732519e-03 3.179552529577682413e-19 1.039958433621765872e-19 5.455915274747524032e-19 6.866128853030256016e-20
4.265795188015951567e+01 1.175114559670719494e+01 1.937955929927414147e-04 1.553604188890999075e-03 9.430877531448537520e-05 6.921252120012560786e-03 2.932597273275659358e-19 1.035748190036752758e-19 5.945156891497721419e-19 6.939801330828231752e-20
4.365158322401683222e+01 1.202486494038130793e+01 1.092817614398764961e-04 1.328550992758359200e-03 1.278644545426869852e-04 6.636122338800885291e-03 3.905265201223811898e-19 1.120044455900590243e-19 5.105807741575134715e-19 7.087322263406682658e-20
4.466835921509652962e+01 1.230496002661471344e+01 1.308599771699213291e-04 1.344503648775840273e-03 1.066458420900225291e-04 6.673343764047026151e-03 3.568789682800911164e-19 1.113379914253172100e-19 5.590715709237572790e-19 7.067529403974999480e-20
4.570881896148775070e+01 1.259157936552964507e+01 1.730188499419579493e-04 1.392005649447452175e-03 8.279483485425969194e-05 6.578753777513221893e-03 3.103685193295754915e-19 1.094218053385271833e-19 6.345089473116770097e-19 7.118156897586328119e-20
4.677351412872010172e+01 1.288487492649344013e+01 9.639926820308118683e-05 1.190627596118416223e-03 1.114693887935480827e-04 6.298903384766739097e-03 4.158028926357006117e-19 1.183140722655977936e-19 5.468416219073610972e-19 7.274562828786732683e-20
4.786300923226409765e+01 1.318500221869472533e+01 1.170681719365223770e-04 1.210791912394402776e-03 8.939518596646913275e-05 6.331020455331058151e-03 3.773157694973887511e-19 1.173247450409388235e-19 6.106358622636722266e-19 7.256087551976370243e-20
4.897788193684486657e+01 1.349212037359650118e+01 1.457513085903037087e-04 1.233108313029194266e-03 7.232880992193705576e-05 6.210812720496598598e-03 3.381568143273081793e-19 1.162582448217782550e-19 6.788654602775220399e-19 7.325970334715301569e-20
5.011872336272750772e+01 1.380639222930969900e+01 7.718922390461244361e-05 1.051588437692110422e-03 9.918943155597170563e-05 5.975831019989214302e-03 4.646715012835969370e-19 1.258929683537816873e-19 5.797045004348618884e-19 7.468617509511188085e-20
5.128613839913679584e+01 1.412798441693207963e+01 1.208654481896326397e-04 1.118267105335408193e-03 7.117007192289790600e-05 6.027165236970962077e-03 3.713413324317218085e-19 1.220819899772544561e-19 6.843695378144958065e-19 7.436743861577530573e-20
5.248074602497754881e+01 1.445706744889828599e+01 1.097811541965706034e-04 1.057951175866361738e-03 7.368653826061233650e-05 5.820756856784385473e-03 3.896372581380680621e-19 1.255138241973830946e-19 6.725820855558384212e-19 7.567451451151744392e-20
5.370317963702554920e+01 1.479381580938780871e+01 7.091785689877810233e-05 9.512463731515202010e-04 8.290663432948777614e-05 5.705838556879807427e-03 4.847820974029921578e-19 1.323664336575961186e-19 6.340809857925507637e-19 7.643277594877342088e-20
5.495408738576276164e+01 1.513840804683878538e+01 1.202629067911849004e-04 1.029267285874013206e-03 5.437911322134551616e-05 5.699474719898941187e-03 3.722704176138665694e-19 1.272507322446111319e-19 7.829306806744413304e-19 7.647543514543723183e-20
5.623413251903524923e+01 1.549102686861671430e+01 6.535941655832321745e-05 8.798991610891033870e-04 7.711324564549873895e-05 5.455304823316750075e-03 5.049754808878667663e-19 1.376283562607719458e-19 6.574683957574331620e-19 7.816815499464030953e-20
5.754399373371601456e+01 1.585185923788835183e+01 9.476975216532741828e-05 9.202385383399441093e-04 5.714260093007924636e-05 5.485821228562495419e-03 4.193624128393292060e-19 1.345780298953840317e-19 7.637643280819844904e-19 7.795043574780594783e-20
5.888436553555919772e+01 1.622109647275207678e+01 8.120280913978612423e-05 8.608588139893783324e-04 6.117940072220000205e-05 5.292693003354280619e-03 4.530423986779271333e-19 1.391420538508251516e-19 7.381366395953258171e-19 7.935988332719684549e-20
6.025595860743612064e+01 1.659893434767727172e+01 6.599656605514433647e-05 8.090344538913267925e-04 6.082807505773279620e-05 5.233952403054595824e-03 5.025319810353573417e-19 1.435293989808472131e-19 7.402652041914223534e-19 7.980396843789104100e-20
6.165950018614859829e+01 1.698557319730647208e+01 8.872768106982384872e-05 8.311948653450476230e-04 4.741514879136902929e-05 5.143308415552255881e-03 4.334058900964825778e-19 1.416031612439061871e-19 8.384570365123445743e-19 8.050411665120078140e-20
6.309573444801968378e+01 1.738121802267550464e+01 5.085892523302254861e-05 7.273109546167506661e-04 6.098102205522239221e-05 5.003344955389006470e-03 5.724542521988263503e-19 1.513785393324975988e-19 7.393362887803736059e-19 8.162236034208937781e-20
6.456542290346588686e+01 1.778607859990778195e+01 8.654920003321973909e-05 7.806132186896273762e-04 4.125285005816448796e-05 4.975727140068331167e-03 4.388264997502369237e-19 1.461189101136307411e-19 8.989020968720980481e-19 8.184856968087263802e-20
6.606934480075997840e+01 1.820036959144032807e+01 4.390693681412991499e-05 6.683589602573162354e-04 5.680539164245105682e-05 4.801997351813499897e-03 6.161093577354144017e-19 1.579135829321025414e-19 7.660279102157212617e-19 8.331600061906698305e-20
6.760829753919860252e+01 1.862431065984062784e+01 7.937669926539883344e-05 7.247039886572450912e-04 3.623920566623066512e-05 4.794771067907281116e-03 4.582240262630086184e-19 1.516505706965257619e-19 9.590694069167141182e-19 8.337876048715469270e-20
6.918309709189405510e+01 1.905812658427465678e+01 3.995613076641717324e-05 6.185915623836684297e-04 5.205888841244604888e-05 4.620324103750195373e-03 6.458514841466847970e-19 1.641430046119668118e-19 8.001878031029890038e-19 8.493821931832470278e-20
7.079457843841416320e+01 1.950204737968779156e+01 7.248036172062835515e-05 6.689615875581509307e-04 3.394889097761782340e-05 4.609015859971065873e-03 4.795282514685958355e-19 1.578424394768261105e-19 9.908925811731058137e-19 8.504235365977923053e-20
7.244359600749942274e+01 1.995630841876176831e+01 3.735759905398098978e-05 5.754981955326150811e-04 4.672938840245448511e-05 4.454050418247092538e-03 6.679360692823959558e-19 1.701775988794282876e-19 8.445868672298086483e-19 8.650910286906302482e-20
7.413102413009222857e+01 2.042115055671235169e+01 6.334642191217818138e-05 6.131034800024999206e-04 3.174432980402149473e-05 4.417666493132262236e-03 5.129361766312809423e-19 1.648760157831931836e-19 1.024722545253119669e-18 8.686461708523906259e-20
7.585775750291882957e+01 2.089682025899395867e+01 3.910001178332001508e-05 5.438313545543332038e-04 4.026058177922968109e-05 4.306529059949591211e-03 6.528838572419046721e-19 1.750621481160788441e-19 9.099119097133606091e-19 8.797832343870651134e-20
7.762471166286958635e+01 2.138356973197899435e+01 4.983808234170791453e-05 5.483642060065855662e-04 3.350830315341772505e-05 4.218289946673539972e-03 5.782873778574687829e-19 1.743371031787254469e-19 9.973857400818186328e-19 8.889373593764799368e-20
7.943282347242862329e+01 2.188165705668096450e+01 4.680551450283593478e-05 5.282656962274559888e-04 3.090731493514723652e-05 4.173721763339189629e-03 5.967272395080266587e-19 1.776225782950663080e-19 1.038505339706252144e-18 8.936709188318223998e-20
8.128305161641044663e+01 2.239134632559235527e+01 3.273610618664722302e-05 4.801319057013656456e-04 3.617744051927919262e-05 4.027673049880033107e-03 7.135277440591920696e-19 1.863134000921024951e-19 9.598877594583788926e-19 9.097294794957513752e-20
8.317637711026759462e+01 2.291290778271005735e+01 5.264541422320619281e-05 5.086177133569162344e-04 2.431148761627419986e-05 4.021605183332881139e-03 5.626574857760894093e-19 1.810208643605208888e-19 1.170937205660485068e-18 9.104155284962968304e-20
8.511380382023811819e+01 2.344661796682234467e+01 2.820997950481673742e-05 4.417369602219922242e-04 3.325427889612294930e-05 3.890279786073900375e-03 7.686400143464605590e-19 1.942417157949649609e-19 1.001187929976815673e-18 9.256545800976046305e-20
8.709635899560858263e+01 2.399275985813333989e+01 3.839422213450000861e-05 4.487284939466726439e-04 2.678641048543047454e-05 3.819131489888483427e-03 6.588574153051005796e-19 1.927225577784879661e-19 1.115532204986486648e-18 9.342370081568317730e-20
8.912509381337513048e+01 2.455162302830284204e+01 4.247963772327864205e-05 4.447865884028975522e-04 2.255625281917526508e-05 3.786739048480916234e-03 6.263743609220114791e-19 1.935746724393262564e-19 1.215642558175138101e-18 9.382243143045016919e-20
9.120108393559152660e+01 2.512350379398107592e+01 2.305611117224383926e-05 3.894147811158015253e-04 2.986557512589054191e-05 3.655065881787175272e-03 8.502200572170842592e-19 2.068798338510786711e-19 1.056462123913268725e-18 9.549744842577431339e-20
9.332543007969962900e+01 2.570870537391975574e+01 3.449686936474244327e-05 4.011080397523784273e-04 2.279954945269260636e-05 3.600598803346681271e-03 6.950795843934554819e-19 2.038420091713329070e-19 1.209139030381288927e-18 9.621704310219126526e-20
9.549925860214418094e+01 2.630753804974266785e+01 3.815192637804655328e-05 3.973780036659197161e-04 1.914136954328311184e-05 3.564891137394457510e-03 6.609462442880282804e-19 2.047964682976634549e-19 1.319632092484865452e-18 9.669772054091951342e-20
9.772372209558172074e+01 2.692031933046098757e+01 2.186779559644083215e-05 3.505529582031714450e-04 2.501231089011620245e-05 3.452796023659405328e-03 8.730153340347616310e-19 2.180457151176992907e-19 1.154416335509754910e-18 9.825483059720136565e-20
9.400000000000000000e+01 2.589453167357142149e+01 2.271380295615775167e-05 3.717730674024618057e-04 2.782800869862096430e-05 3.553739543379962323e-03 8.566027175357757058e-19 2.117314698692946747e-19 1.094456002373926420e-18 9.684931987500413693e-20
9.500000000000000000e+01 2.617000541477963438e+01 3.015171026873545167e-05 3.830023612442895985e-04 2.319788750954220841e-05 3.563787002281275113e-03 7.434784745101360826e-19 2.086044886301486253e-19 1.198712829727718018e-18 9.671269886035076139e-20
9.600000000000000000e+01 2.644547915598784016e+01 3.900107653003308532e-05 3.959856973445035505e-04 1.861631546571271856e-05 3.538841220526639519e-03 6.537114282153700710e-19 2.051561898958612184e-19 1.338112130507491231e-18 9.705297085989439055e-20
9.700000000000000000e+01 2.672095289719604239e+01 2.291735292680648366e-05 3.556938798437746306e-04 2.552214816150180909e-05 3.459394035550532754e-03 8.527900967358314695e-19 2.164642487330145279e-19 1.142827704110293990e-18 9.816108644083932430e-20
9.800000000000000000e+01 2.699642663840425172e+01 2.573772325891110968e-05 3.577815288910296001e-04 2.283968412127111697e-05 3.459735475064090737e-03 8.047098389838041970e-19 2.158317922119818191e-19 1.208076193179177906e-18 9.815624258777481373e-20
9.900000000000000000e+01 2.727190037961246105e+01 3.709539495222240554e-05 3.770041485764838093e-04 1.691063360402255973e-05 3.449223647007836156e-03 6.702925233024456899e-19 2.102574099134065541e-19 1.403975187827808955e-18 9.830569891740262401e-20
1.000000000000000000e+02 2.754737412082066683e+01 2.347174753269572336e-05 3.419559324202366309e-04 2.301625213592510555e-05 3.372101591599859990e-03 8.426586092485351681e-19 2.207696166688919425e-19 1.203433424124010006e-18 9.942350000789692720e-20
1.010000000000000000e+02 2.782284786202886906e+01 2.217878514767154187e-05 3.350009248783095833e-04 2.269511284525618902e-05 3.361316695312596171e-03 8.668730428526048166e-19 2.230495604719028052e-19 1.211917898190894005e-18 9.958287407245326749e-20
1.020000000000000000e+02 2.809832160323707839e+01 3.491856824085673287e-05 3.576800302152580071e-04 1.617214680618105614e-05 3.362251361295120252e-03 6.908697236031258489e-19 2.158624132774032144e-19 1.435673007284534272e-18 9.956903168170214063e-20
1.030000000000000000e+02 2.837379534444528772e+01 2.434453621991298442e-05 3.297051133050549155e-04 2.080066223259194555e-05 3.290936620635868601e-03 8.274154425467446686e-19 2.248337652211153083e-19 1.265904057021598077e-18 1.006420822134693726e-19
1.040000000000000000e+02 2.864926908565348995e+01 1.924239541763529375e-05 3.150974251309971602e-04 2.213314451951782272e-05 3.268622635001636450e-03 9.306680556188692420e-19 2.299862900788712913e-19 1.227206968690363506e-18 1.009850257887902657e-19
1.050000000000000000e+02 2.892474282686169929e+01 3.208900953713664835e-05 3.387792927023377805e-04 1.534856149535648618e-05 3.277530754442063363e-03 7.206862208429622684e-19 2.218022494531544423e-19 1.473687953186590890e-18 1.008476969846161944e-19
1.060000000000000000e+02 2.920021656806990862e+01 2.509963688186131017e-05 3.186895968551758896e-04 1.846137125021154359e-05 3.214888962912133656e-03 8.148743648296027715e-19 2.286864492648128014e-19 1.343715709935058515e-18 1.018254607254050767e-19
1.070000000000000000e+02 2.947569030927811085e+01 1.715833829267885042e-05 2.977116519561180891e-04 2.152950075660640790e-05 3.181769949340781858e-03 9.855683804317747659e-19 2.366063840809723342e-19 1.244292241117445202e-18 1.023540389278800182e-19
1.080000000000000000e+02 2.975116405048631663e+01 2.919042229097387723e-05 3.198956134355227009e-04 1.525090850299234197e-05 3.195066520827493425e-03 7.556212899850850279e-19 2.282549646297866659e-19 1.478398505533316646e-18 1.021408388772257255e-19
1.090000000000000000e+02 3.002663779169452596e+01 2.583549671542793657e-05 3.080872767689032802e-04 1.661898922843050951e-05 3.143091097408051877e-03 8.031856986860657838e-19 2.325881011384069650e-19 1.416240694986604394e-18 1.029818971896587675e-19
1.100000000000000000e+02 3.030211153290272819e+01 1.575459340982738858e-05 2.828897664615739860e-04 2.061584041273256120e-05 3.100668682472112678e-03 1.028539026513849588e-18 2.427256966525817988e-19 1.271565835639912956e-18 1.036839875493755188e-19
1.110000000000000000e+02 3.057758527411093752e+01 2.597191447333019947e-05 3.018028362609584251e-04 1.499363676070104539e-05 3.114828541436807322e-03 8.010735507883046645e-19 2.349972155402841658e-19 1.491028277538554958e-18 1.034480479206392649e-19
1.120000000000000000e+02 3.085305901531914685e+01 2.613206554031394260e-05 2.978959575783815040e-04 1.473349213249117947e-05 3.074637064913187529e-03 7.986150778870564707e-19 2.365331796067559838e-19 1.504133988066250041e-18 1.041219860781236047e-19
1.130000000000000000e+02 3.112853275652735263e+01 1.503525819576131823e-05 2.702914296628262914e-04 1.953986679016326975e-05 3.025158774466269341e-03 1.052855886375372489e-18 2.483180202412656742e-19 1.306106447458012846e-18 1.049700214492809475e-19
1.140000000000000000e+02 3.140400649773555841e+01 2.293817820518553543e-05 2.842810710296515050e-04 1.518763616085626810e-05 3.037069597243277283e-03 8.524028902244469636e-19 2.421310042661873936e-19 1.481474840545492810e-18 1.047639827773328224e-19
1.150000000000000000e+02 3.167948023894376419e+01 2.620033337441840616e-05 2.874432990570670527e-04 1.344843637741626840e-05 3.008854772772353095e-03 7.975739597934635097e-19 2.407954522627444868e-19 1.574357930913945807e-18 1.052540363610615079e-19
1.160000000000000000e+02 3.195495398015197352e+01 1.487845857864649559e-05 2.596565882028810239e-04 1.831623274916137351e-05 2.954928212124574311e-03 1.058389212433860462e-18 2.533522127069604149e-19 1.349029031285806541e-18 1.062101214389651775e-19
1.170000000000000000e+02 3.223042772136017931e+01 1.992800781996683488e-05 2.679817368025588331e-04 1.515215628959395443e-05 2.961964337386864630e-03 9.145183673187033541e-19 2.493858315274258953e-19 1.483208316687190117e-18 1.060838957374792233e-19
1.180000000000000000e+02 3.250590146256838153e+01 2.569246467953246646e-05 2.769533987583228866e-04 1.216607329439639043e-05 2.945074902406320892e-03 8.054182957192668361e-19 2.453132607478960596e-19 1.655252141288158494e-18 1.063876461851202764e-19
1.190000000000000000e+02 3.278137520377659797e+01 1.512724516003971410e-05 2.506818765052564444e-04 1.691573483950690131e-05 2.889560069715970195e-03 1.049649859866337260e-18 2.578474889067253306e-19 1.403763475237315391e-18 1.074047550591532997e-19
1.200000000000000000e+02 3.305684894498480020e+01 1.731871914850462442e-05 2.527714293551192168e-04 1.531472552193614825e-05 2.889843003243636708e-03 9.809943138259480729e-19 2.567795199892785518e-19 1.475315019725910049e-18 1.073994971350995282e-19
1.210000000000000000e+02 3.333232268619300243e+01 2.490164140163925015e-05 2.659563733642502422e-04 1.148105172224714903e-05 2.882904061048548097e-03 8.181075251811864899e-19 2.503336165994902589e-19 1.703917392401411480e-18 1.075286708764760852e-19
1.220000000000000000e+02 3.360779642740121176e+01 1.571467938645648813e-05 2.429198667652790130e-04 1.555153525373533045e-05 2.828566113636262532e-03 1.029844401407995105e-18 2.619345926141506436e-19 1.464039310645220687e-18 1.085565932030712119e-19
1.230000000000000000e+02 3.388327016860942109e+01 1.499978036230927340e-05 2.390904138987731816e-04 1.521304613845182870e-05 2.820918740910163900e-03 1.054100270756020023e-18 2.640239309957979885e-19 1.480237087949174479e-18 1.087036394189025999e-19
1.240000000000000000e+02 3.415874390981762332e+01 2.357453249420270484e-05 2.548448774433450343e-04 1.079629260400702289e-05 2.821971245915616371e-03 8.408196067809889547e-19 2.557327922813477428e-19 1.757122538436664308e-18 1.086833660382511797e-19
1.250000000000000000e+02 3.443421765102583265e+01 1.639434351167658521e-05 2.361459110064415316e-04 1.406024153168669095e-05 2.771364742597269386e-03 1.008271193489622836e-18 2.656648885026982750e-19 1.539724364357033815e-18 1.096711831828629185e-19
1.260000000000000000e+02 3.470969139223404198e+01 1.319722354153405278e-05 2.268167193330832975e-04 1.511702109935071383e-05 2.755446383783084676e-03 1.123784630826628082e-18 2.710733622336971313e-19 1.484930962995806026e-18 1.099875150736387053e-19
1.270000000000000000e+02 3.498516513344224421e+01 2.204535540239160841e-05 2.433455513315011865e-04 1.061683412086995264e-05 2.762172821228082737e-03 8.694924644142521805e-19 2.617053911392449754e-19 1.771910805933325769e-18 1.098535127606805800e-19
1.280000000000000000e+02 3.526063887465045354e+01 1.716443053084625446e-05 2.298496451528743347e-04 1.277312703426699089e-05 2.717393464665877629e-03 9.853934590974608242e-19 2.692789815053540436e-19 1.615439719721972839e-18 1.107549408139912920e-19
1.290000000000000000e+02 3.553611261585865577e+01 1.182406255239066314e-05 2.161426196367750819e-04 1.477452807881988062e-05 2.693544001660034062e-03 1.187246821370244852e-18 2.776861181524175273e-19 1.502043685084030598e-18 1.112441892842001887e-19
1.300000000000000000e+02 3.581158635706686511e+01 2.015031828322273361e-05 2.319360862443416887e-04 1.039521751730449980e-05 2.703420631732816447e-03 9.094596167530494594e-19 2.680650609184223379e-19 1.790698962578100098e-18 1.110407945481479374e-19
1.310000000000000000e+02 3.608706009827507444e+01 1.775478252423309792e-05 2.239271526656975606e-04 1.142969629754985105e-05 2.666034206682674299e-03 9.688726494667907793e-19 2.728167279455639661e-19 1.707741086635335033e-18 1.118166595793162008e-19
1.320000000000000000e+02 3.636253383948327667e+01 1.095691906450099520e-05 2.069201849499398076e-04 1.432468166432119809e-05 2.635289135604688363e-03 1.233332420696381676e-18 2.838068973197842688e-19 1.525446156141702877e-18 1.124670326652196585e-19
1.330000000000000000e+02 3.663800758069147889e+01 1.821851448968105989e-05 2.204922240010837161e-04 1.053075486850506818e-05 2.645843474837524922e-03 9.564623817413207873e-19 2.749335474640300204e-19 1.779137939186249407e-18 1.122424915402031198e-19
1.340000000000000000e+02 3.691348132189969533e+01 1.823503920293569148e-05 2.179099184682043138e-04 1.041022154607101090e-05 2.616769616073359988e-03 9.560289072432996717e-19 2.765577770393372817e-19 1.789408049288223331e-18 1.128643093674351119e-19
1.350000000000000000e+02 3.718895506310790466e+01 1.052104495920193083e-05 1.991084371499549663e-04 1.369922759899782219e-05 2.580630799579503292e-03 1.258620892580640807e-18 2.893207239006783178e-19 1.559880511062716824e-18 1.136518303874662603e-19
1.360000000000000000e+02 3.746442880431610689e+01 1.615366530198905691e-05 2.094841521812726990e-04 1.056376768154505083e-05 2.589557640203920402e-03 1.015754686369745759e-18 2.820647323870965946e-19 1.776355773323343727e-18 1.134557683992490622e-19
1.370000000000000000e+02 3.773990254552430912e+01 1.836133120214733817e-05 2.118379386215435921e-04 9.391390492881428640e-06 2.569069758510612606e-03 9.527353787766427042e-19 2.804933077600393682e-19 1.883971910189143460e-18 1.139072649833560898e-19
1.380000000000000000e+02 3.801537628673251135e+01 1.046785409698398939e-05 1.925341606597547701e-04 1.293037662611054418e-05 2.529435261423907712e-03 1.261814589194603537e-18 2.942188385869945836e-19 1.605586785868156506e-18 1.147962201308432845e-19
1.390000000000000000e+02 3.829085002794072778e+01 1.423670371682732411e-05 1.988703624352240295e-04 1.078865200290098206e-05 2.534820417859053477e-03 1.081981042056332413e-18 2.894938501162745327e-19 1.757744631736376658e-18 1.146742145869114205e-19
1.400000000000000000e+02 3.856632376914893001e+01 1.827077615071201561e-05 2.053526523383655984e-04 8.749318882940488546e-06 2.522562229366112369e-03 9.550934713909488539e-19 2.848880394672340796e-19 1.951876116296709383e-18 1.149525019842951506e-19
1.410000000000000000e+02 3.884179751035713224e+01 1.073775437529807101e-05 1.869788321453822485e-04 1.209484401631859134e-05 2.481476489104393959e-03 1.245855409239316283e-18 2.985576154171557940e-19 1.660119063741521240e-18 1.159002279801340051e-19
1.420000000000000000e+02 3.911727125156534868e+01 1.241094186925653768e-05 1.890312573306911930e-04 1.085890755677897407e-05 2.481839727272439327e-03 1.158836068562260439e-18 2.969323827334622241e-19 1.752049228513820399e-18 1.158917461820272126e-19
1.430000000000000000e+02 3.939274499277355090e+01 1.777487835984678034e-05 1.986318166067554719e-04 8.131060044124480246e-06 2.476893373760119619e-03 9.683248029112780250e-19 2.896676310098836991e-19 2.024723803179274572e-18 1.160074063163223292e-19
1.440000000000000000e+02 3.966821873398175313e+01 1.119608766862562869e-05 1.822727948570741004e-04 1.113796222444618403e-05 2.436441423692999216e-03 1.220088207538397474e-18 3.023872311853076842e-19 1.729961755945102909e-18 1.169664705497597293e-19
1.450000000000000000e+02 3.994369247518996247e+01 1.087711026407622320e-05 1.799449165899552454e-04 1.097430021673669933e-05 2.430882527648452369e-03 1.237848826412507913e-18 3.043368797135702942e-19 1.742813656148295885e-18 1.171001325323330038e-19
1.460000000000000000e+02 4.021916621639817890e+01 1.706182258784078750e-05 1.914520157171893731e-04 7.873085056197352805e-06 2.431889596998562143e-03 9.883520420927897611e-19 2.950491740326905438e-19 2.057628188822315520e-18 1.170758838645846851e-19
1.470000000000000000e+02 4.049463995760637403e+01 1.181000165505137951e-05 1.780987976223069764e-04 1.023635509424037852e-05 2.393980973073471605e-03 1.187953374605820874e-18 3.059101458427927489e-19 1.804540780987669741e-18 1.179991898160813946e-19
1.480000000000000000e+02 4.077011369881458336e+01 9.593898687916928156e-06 1.718461977662570053e-04 1.091272809465810668e-05 2.382134883362465368e-03 1.318034598953984283e-18 3.114256725906525000e-19 1.747723418154818302e-18 1.182922243318878726e-19
1.490000000000000000e+02 4.104558744002279980e+01 1.600650615497595990e-05 1.840929146885210367e-04 7.624908701323985605e-06 2.387406375675487150e-03 1.020413279529508901e-18 3.008886722557645268e-19 2.090846011468350792e-18 1.181615550920617616e-19
1.500000000000000000e+02 4.132106118123099492e+01 1.240332950467522988e-05 1.743317779343612518e-04 9.265815420371338297e-06 2.353682305362632485e-03 1.159191623477627884e-18 3.091975863823775594e-19 1.896695222793149280e-18 1.190050665232099827e-19
1.510000000000000000e+02 4.159653492243920425e+01 8.666189635300416242e-06 1.646894321938328952e-04 1.079300078208523049e-05 2.335771883453703363e-03 1.386788656954869762e-18 3.181203918275818611e-19 1.757390475669359932e-18 1.194604535980828735e-19
1.520000000000000000e+02 4.187200866364740648e+01 1.482149404207636900e-05 1.764529595245036182e-04 7.664416631858110999e-06 2.343466498692045336e-03 1.060421154423337570e-18 3.073334996577321183e-19 2.085450184908010825e-18 1.192641721485379536e-19
1.530000000000000000e+02 4.214748240485561581e+01 1.298292834444028533e-05 1.706372542555501665e-04 8.458118574976246340e-06 2.315159581783453671e-03 1.133021222698746926e-18 3.125269313476508015e-19 1.985191870262104444e-18 1.199910646382806140e-19
1.540000000000000000e+02 4.242295614606382514e+01 8.053717738686398485e-06 1.585438330462457307e-04 1.051447527572330438e-05 2.291873180431133403e-03 1.438554011675060812e-18 3.242273882515033070e-19 1.780514728704578534e-18 1.205991040535257648e-19
1.550000000000000000e+02 4.269842988727202737e+01 1.343634110132767927e-05 1.688567346560253561e-04 7.673043674002532507e-06 2.300110398708190770e-03 1.113740120305990026e-18 3.141703396016981493e-19 2.084277486870554968e-18 1.203829639631097032e-19
1.560000000000000000e+02 4.297390362848023670e+01 1.337175656585014782e-05 1.669710375503488415e-04 7.636181203418011124e-06 2.277999204359237601e-03 1.116426519155108033e-18 3.159394093362242184e-19 2.089302191986973150e-18 1.209657962811831588e-19
1.570000000000000000e+02 4.324937736968844604e+01 7.767867010101877907e-06 1.533245161965208418e-04 1.012807115443553739e-05 2.250461784303606477e-03 1.464783651008006606e-18 3.296997162064691088e-19 1.814161728066337032e-18 1.217036354577673462e-19
1.580000000000000000e+02 4.352485111089664827e+01 1.205645117910934320e-05 1.612853305557628003e-04 7.864408616152366357e-06 2.257504888770579289e-03 1.175749029321467955e-18 3.214600000875141239e-19 2.058762919170991419e-18 1.215136378564412292e-19
1.590000000000000000e+02 4.380032485210485760e+01 1.362406114959142649e-05 1.630475309807738211e-04 7.047943555322205851e-06 2.241869707617295121e-03 1.106040634543083921e-18 3.197181280129420254e-19 2.174744113521202829e-18 1.219366300356600386e-19
